822330369
67052703
633868477
549585364
32799281
375533442
550923372
459846064
133159573
875118783
266240101
643355971
183468125
572179188
210247906
84242448
485228911
455874531
553074843
806177927
702467972
262971209
149256465
143827414
112856949
1532751
95511830
312475938
17325798
539956504
100073821
1553191
487588289
225086902
389844203
130779992
535133736
926318436
280490472
554200477
371391456
41479199
587163504
128754781
718261082
264532130
990549401
695922387
327238242
540340047
161489654
285441831
235599909
243969102
978737614
974054127
191486407
318483190
23709856
538085532
49627331
100225865
887441367
472628676
79615320
247172044
250256827
321551775
215207388
37118547
15679197
920788187
504171671
546962428
802928639
96892046
890735658
545296951
270258888
972760629
322633002
895769676
209066723
130446635
935649002
213436908
331631746
438324093
460635996
333083176
825747533
777713619
909111941
937072842
32819000
21527376
102846858
99741368
860449895
359403497
731815185
977387942
20433490
854243009
141631454
8241005
414447455
832426927
883159619
993964295
847292967
861562907
319522095
210535748
777244651
114793280
499394642
68618474
395512332
719073702
633367948
448820213
309665970
281651012
183335516
470306749
152200332
589734488
331591024
893543976
368208389
330783701
152731430
167286213
248687128
92209829
810082025
444569628
931908783
990359369
733876586
841645637
579810135
212382786
989667741
81444344
50085459
203500902
33244743
57631627
408063023
34480475
667389270
380657648
597946656
445069315
690131924
984498646
432574307
109918642
266195588
448519583
8664094
594910710
390791255
616584435
815556530
868180817
995756539
8281231
631960706
97837005
197389654
21765960
761346301
452561331
705191808
109447152
68217286
789518894
926650064
670673343
194825170
166178635
626831451
469138962
126415412
807523077
317637092
927838863
78609697
824366126
247215561
877915886
244913931
912351799
595179957
137522116
702827486
272504177
842264158
21301718
875285932
851893003
674277364
51261775
110240295
110687837
429454817
54612602
146901169
338016482
81999574
277068702
310952719
249558959
767136177
241145535
145587653
683792692
68520442
875061822
728605157
201652324
749736781
944693242
780735211
466594965
482236565
847470314
693254736
678399285
89099672
536818903
522520218
305195912
613688334
179006034
340131909
528899299
169500921
609584403
514248770
68669097
161149390
586745938
838461626
17279772
860489952
182035359
751033439
427317605
99093421
244932524
144970448
579017539
756123444
950922136
20028727
926996249
112714416
860352200
453512839
843009493
888595235
222350162
203805161
778035753
48687478
499334271
671069015
117503819
327573555
233518924
699948474
686207320
940415599
321374693
45983312
284845011
402023768
277990216
993967742
736668636
83986788
849911169
388159074
411048981
430664344
115438157
74360002
23400020
971880850
469919439
366352638
514567786
48720942
493119957
554157441
933618150
411992260
28338431
293951530
581052622
54808245
701496727
55296647
779566219
824761735
830878752
400345069
271231664
24136989
432396129
390233392
681284559
613410938
618868377
167300271
65474884
152531124
105228705
348338412
956321712
530297114
538684968
452210108
414874938
240962075
469033966
346582110
56369369
778451161
20760948
297841548
790815883
363186192
894888939
388362263
342144603
312562294
135486068
893707786
201357918
727077400
200815950
301384658
7055429
922071736
858860969
522973924
615506317
211823338
647843201
27698852
721161931
953186658
57923954
749691011
110527773
54871243
296660126
755048530
551127463
186386691
13316654
97526481
830598999
63022492
51001038
75701869
424734551
958816009
614087229
89170588
131076221
346742922
335347445
295668057
47783669
172736654
92146858
740471185
334389729
222618022
231724851
401191789
821177939
770504556
294995414
785743353
820892325
143917380
412387511
435068941
638548189
448471199
538746085
942493114
74275210
26309045
647901912
630669488
747720196
219024968
165178824
67475620
141414483
208098177
746186657
185798635
331078749
26639490
599710949
506298580
151215394
755652738
98493563
887775585
73069828
445019984
328066633
933031887
345942669
23618452
485565043
286341240
457178001
210837241
110454945
272489921
375386786
242401646
526224522
978593246
276722590
820360619
866049261
626627204
903580182
996119210
517681273
324948663
929103627
498892062
240706452
135987279
730432042
4859203
948240113
242044913
40535012
597258752
307074246
762204889
374335089
964918128
142819795
975310091
184217974
363156087
452319215
747949968
268787988
777401114
824625504
204443596
457627508
129670835
426057855
690523185
810686830
290933838
378261532
19466119
444810535
920850897
221865921
875942725
73182831
548010721
251175459
67339905
73217536
787347308
874932568
932441206
7977513
102784745
921482382
395085136
791676095
227976491
790279301
908431424
656711864
363690376
817024348
19765152
167998694
117793126
272818805
527343341
734552792
865980002
822245611
86480185
565515475
10598008
374714522
879662860
554854107
443710136
564596010
595679602
674103970
16869346
333296675
960849695
261572137
551734175
630318207
380396580
352357821
501879916
164850969
223156905
47058860
21609005
428844554
123738680
646405279
673311708
107701979
879578763
828799271
601827168
322519399
127484607
43587978
732799338
189412515
809234136
391573400
725982729
319211313
535043314
744776792
9038914
792851830
680348581
412209748
378763751
322927160
970963890
595826714
167335338
515510354
268663013
734463955
462097588
364231631
340432522
729534555
95312905
23949176
511001730
349702957
746070124
884532898
937152650
707461434
647268389
83453579
689838961
351539539
875067379
121255541
623355420
189065912
66758161
621691506
15968044
45910719
335275564
12465406
919040446
492533039
442021412
680735418
673354501
817868788
667533016
127982863
329841636
441664330
21294026
193240039
257190472
258576370
891741996
301044060
40973613
880158945
208895815
479364246
977714051
373898145
149869209
232022396
825589748
4511148
832604463
961035456
709357927
863865920
106192961
352530306
797893853
868449405
954177380
599406603
787376902
794664411
685237292
871588378
14102724
788702206
544751138
16234093
55315000
372567586
520220383
148537403
12808253
757012663
646159839
211083712
254979270
787819618
313623713
50475356
641599497
942663672
409425495
725075082
598246117
438099971
59943727
208308212
64401072
308424333
861048745
920173
95004504
94911206
225309193
361430562
120130973
237749659
441999877
626613889
495793304
238830892
792560334
59181399
642274299
997135398
707082498
543261969
828147990
33647975
790724524
690045511
184450423
310747900
192640487
953807651
900300575
91252967
42668560
255777106
210129204
96231935
532047660
440937015
240149952
58097305
329677746
438319721
600858777
100039736
904721725
739335645
592885485
265848401
103660260
517610962
709199095
135572756
872446002
47619905
408010150
610985496
28957543
448317231
705961862
251825222
5858939
245388985
333635651
979699493
827723551
606434907
904266604
772782966
273020958
69535360
719217965
950337704
885147811
112163793
298957771
980754103
822278733
374129549
622856752
291268235
684242621
213788907
763279817
743666164
621458170
972700738
671831814
760068307
927673344
45805520
775068508
57657831
255822078
288187888
907738215
146521491
54421119
461112290
810293576
849287118
835650627
411901557
472922410
463047634
380735816
102612252
764421339
376979343
618355822
179197734
159348011
920240371
43500883
727141407
908267600
174836063
72499235
836473072
10159682
197140688
78047619
818109398
85485392
744138750
202338682
89268452
774753880
967111931
2441446
381891957
291964729
141011036
405362618
36300482
622090592
807177050
392124507
4393607
988240533
723033912
667435752
463896047
990238938
106213977
909295174
717650844
591413126
995775368
820345006
293986582
252738196
526667675
159402323
661772524
816390553
887349398
84099491
938994323
13566331
646621657
302726754
189616251
262149470
175592240
680575726
656820788
950603903
407953533
740323088
134682005
434652276
228608644
625640605
775714046
461828618
908146474
361878669
213381855
205481762
709636890
310638493
318987875
906814099
482449788
776467061
988688493
514878746
106692889
666414542
768894436
274093533
994229641
747984003
786377678
782620612
582950126
156984983
469243820
106608422
254634522
990519282
357698664
164495577
310276488
128739194
278612293
13399064
30698101
237735308
538300181
301998736
104245334
385993588
376843805
987791780
604067227
722050936
727706454
96980514
21094131
786918108
305113159
689047965
767152244
468507043
482729435
896680991
17782590
823918832
298414920
129073799
745005980
707429688
29539811
726651549
211183321
968342243
524813148
659955405
331052527
990500176
100490076
886832261
423653992
45764942
524558463
540039176
703095779
820384994
150482170
84067522
441131179
602636624
6187408
686710353
3050224
404253810
705444909
888353868
729259635
399083088
434986984
819563653
796313753
835253846
530029711
67600503
968384229
535968744
769417093
67577629
470831467
412764159
36236021
820284666
507528439
707128515
690199715
637510127
303803769
45609956
138097584
53387968
946172095
719072274
877604670
896505855
153626110
829216189
927845739
224248855
247115843
504793147
862363490
88396670
730246434
728356017
188774622
37259792
671499234
196354495
248527167
229870467
941550793
670911700
78027503
310294070
174343942
597656880
272675528
505709912
76608414
146057592
352519871
902826948
52393823
923075734
323076766
852250472
962190586
114834742
581342285
749131659
42273769
60060173
125753038
36410711
803007516
146201549
712298632
411128321
701119554
480828488
33849483
69967994
488068732
103193417
405205885
721246797
192825371
691041416
929403567
837953096
495445875
878778012
6131130
300292315
773978575
39946077
805109086
523204180
255825937
23140451
272557429
127112418
983659129
401471923
19894787
700872476
623501087
123445944
956144377
791267698
854526145
524727322
908035031
186846695
841881320
812238079
21127504
276153351
569018902
818923085
801768160
950344206
187362956
164906513
357487341
267544737
475631629
775516001
660223445
401803811
515564255
135005989
869601084
849054162
949863336
17666127
90449462
762854710
235543471
443954424
964793607
767105553
221761355
604156718
910878714
814421364
753476821
186557902
568658290
833184152
457642718
33933855
744279083
964434238
197215306
338533504
973309065
579951113
76655631
180374098
13385363
547525360
972688875
110790546
746107118
781166223
723658976
171465867
494105007
122990210
784377343
904844957
38928160
919710107
502797497
853866467
943058178
119847588
186416733
392835451
205913098
263601284
622542398
76286537
329053428
173710606
606320210
567101815
811007695
430054756
243230195
669609849
463602081
670675272
62553415
108425497
893801454
811688112
206366258
787650130
365569
911432876
997695559
20951442
408566460
563786880
792562039
122466909
900979141
447064411
205341100
515656752
951746718
618002868
888283007
568345867
926447904
303794026
612330736
185532096
570380442
111404508
597822098
33537924
812213085
118507182
561627912
860357101
673100275
208169912
25076432
49232291
2000042
944399005
866471685
619907485
210818716
694201214
980122910
701979760
291661748
88501921
754334668
829298685
291882239
238776494
522613474
807338753
250593512
576978255
399209425
313246725
390377397
100193800
768522353
973872140
308032674
429648713
11709694
48639011
630351957
237331988
722725454
19867116
839425891
268717349
183428728
344602244
92501974
934078657
671315386
286280212
425468342
604129063
796509160
9223327
690378297
250843933
474244502
592275638
106701046
586977697
202764528
819665753
223265606
304060684
221729761
829359236
224902419
534810331
184932190
931212440
10460726
5157288
62718292
80416753
185701062
277101052
578789241
432933704
907495431
548649303
779656771
805379786
319100617
470571088
855217090
783099261
602131900
618882814
512771768
628466904
332697245
153168322
264984432
727217353
979893204
745452098
158156165
434089805
2710475
151239500
754918834
696897342
26370256
920346484
16783487
556801767
102548630
716526057
198260291
333197075
258488764
27822294
941280675
399872189
142375835
837878201
465950411
712790453
824761668
915790902
611190883
210318901
386277165
136202278
841971553
555955288
815111432
649047082
940075752
254297589
790756584
383947356
183081548
535978915
205864090
705325786
64998780
79948887
153482516
691936583
958865446
458789443
218975673
258957665
664900537
25554872
488242545
274935527
976343572
968918621
22964378
909268805
186524957
73997570
795870965
309705498
972734693
464542077
977749598
641395431
924064245
313242708
493118101
993635029
991880259
69914821
580187963
543993913
490817110
59160075
974324944
6778450
239638096
836687844
867173314
753568081
503860095
521822468
31575231
930401447
968882569
992747378
456767989
242912991
784605700
998557847
914144452
89764825
147704353
736741925
548258594
790843398
37679464
383017679
415313860
295389984
158829860
674644917
302081412
267866287
63493483
187864382
316914299
36092475
740341533
555850258
575663738
882420676
802100839
593823059
700713028
963152545
998881613
588645912
16806522
824759422
375678667
459978453
701649976
2141823
522216240
445709100
362090572
127544689
478911476
762375387
317432558
562667258
149774767
954359852
573139646
283658260
934935437
795805023
751746950
124646300
743688783
214134283
270208081
68013329
857652763
59004533
904691400
615215856
56780472
309983150
519034724
363419420
170394122
620889939
950432154
273990704
190964170
965259832
212763571
50388659
140440804
186688746
738572629
65396047
325910989
122040627
508044229
816128856
931626898
684427148
248917444
200113260
814304232
342534122
64239391
366262618
834311823
992987122
588972112
548756140
508499388
55264935
594028610
492295337
321332788
563916607
388518688
654068539
497570325
674223989
53758441
521301877
519650110
287364488
801059052
990561426
828322161
763952335
670091723
631780111
217497713
234437188
512579568
589936123
964908703
495192534
288963716
54034991
247190356
716625809
448269465
783338235
993341223
497904302
641095406
35968805
299763680
469149340
208757932
461860166
475434489
111323053
51532003
879325554
732595041
99802300
571579901
888915989
294978568
191190381
117198339
951179246
218049454
195706067
498036588
609747911
16745764
716043150
147295637
111172233
325974953
705285839
692512450
133111685
535590701
583938040
891851112
210705886
34900692
348712727
492369058
865196676
83899821
466206126
553232003
742910923
280847726
136087780
851237008
759467791
490338736
502804400
708046413
769081877
467997120
246639625
817957737
656886103
408410492
516012957
7030358
963766377
595845648
611492710
274351541
463265854
261327400
110371277
759655793
776642228
923783786
524727998
363782166
573770082
120559845
791307182
979308795
797534384
131162322
878932757
551902342
55601959
34814299
18872332
372296732
480297322
883751167
956413267
571946518
512320000
424655404
382888543
64793280
40376294
783018674
558235272
398627868
607835089
404126855
72955504
915247340
807403954
19813528
858299346
141150187
539956600
398544049
217287004
172681909
126077600
19332884
856069696
744225891
171460970
444130287
148505000
722196591
85990180
53475373
699448285
12702377
82777454
790012053
767081340
72822374
553328033
685230185
806144103
325168902
938090862
950438144
634078772
994889305
583528514
12657139
809320125
458973209
820049725
466306790
478081877
952434839
316451843
917615811
768522953
19396327
696109750
282129910
218839275
484064860
139271160
620144579
913630538
76535024
737220012
815373313
166322166
103649110
648499431
415441492
19475091
416712168
863794993
15111336
789710852
822607318
376360606
579429311
598162809
868445561
606809885
162962304
244661506
812762775
177732860
425616821
630427340
578493793
284668981
982167892
66962989
270885410
794345021
273322956
177961441
725125911
832096573
845492471
18662504
378157695
625096467
945625463
668094839
394780176
413469971
641583559
261384718
290418518
93812486
489133337
283393629
965694302
444574610
575882587
610965091
658381647
790117550
400462961
682105774
407288418
732740636
670301285
233569058
867773552
689183991
356003606
28257265
457758671
100389523
8364373
743389954
349639773
314533896
474433079
121821005
753189068
454832441
61083514
518165029
884223007
243448742
87318754
836886962
143328457
749592002
896632765
850703789
213218832
724328089
477946247
374252492
864814996
398338876
600373386
607903912
227678778
91388227
264861585
709756737
551761828
954516373
323769809
395041723
340660497
410685594
56823692
280210830
43928903
523601735
222821269
604806091
493072886
133797750
914416326
282250949
194179673
663445866
357220541
887255446
884371943
329124999
135054296
725821550
508401189
881407210
818995843
970672873
847898185
129716195
33494923
296298130
949843754
341347984
220042043
102797658
139278178
158073471
518029764
217408833
945707221
865697152
22149114
867141812
98641143
47877381
602544352
105292053
462437039
304385696
955419674
380056886
17586350
762073545
342932243
914127167
344602657
492575465
12494551
325170858
751107533
116027569
100362343
537218663
627100146
959926961
827193901
54231949
922934115
686619254
199631355
260411629
236065582
148377854
79280272
497931342
230935106
937312981
393889623
30659374
165767182
950139252
11727644
22954332
950347766
538686588
753815175
87322067
698837253
73523117
438342283
383172043
196212465
41262869
195792019
769397971
765804495
49332910
401561645
838080084
793776216
347024152
723359838
621670505
120592048
825547882
45244454
50110469
683830960
703464320
791110618
148594317
426378655
591695473
569635584
426590573
784150344
912372967
592076631
14463934
686540113
613265569
669127929
473695223
329498735
113477013
778113350
782119639
917626891
116448171
21430205
650353932
757580401
78636312
806296995
149951512
54844524
138316982
13321296
370485362
472856213
41784286
34151259
551214132
46481123
835770784
754232128
996088718
887537151
696574067
429157609
74262893
555943755
219691637
993389949
263048023
537185794
682012919
836086252
464579668
510167611
88311959
363938740
164307015
80595633
726839011
875238022
97072846
605847883
619884465
142183326
706555659
87642302
33517694
184189634
519117727
895521761
345855903
6079079
940319147
406729262
811859609
758653676
229627083
644722961
562899600
390904579
424554618
825739115
87896317
402402245
114463435
264446086
556045698
150965318
366004931
699011899
77438664
535739401
200245802
366285310
787877067
476122036
105401830
56002695
125045747
183386596
259964793
929091622
303727494
956121314
884957410
255256458
547534177
221311687
231842170
120638193
479872261
834528123
189081158
49029402
660038229
731956708
611849886
51886822
281074489
61387320
497877565
784513869
309055336
948096309
779400627
242602498
940160652
54180465
68141805
234474918
891132889
834526934
206758764
969667675
136148737
974210404
706416915
241233135
160901123
52687385
984341489
78322865
52928306
688135063
741497867
316604976
97261125
807157326
724775849
115193473
83469245
703629605
847569718
620524998
899510392
850045642
11451097
188832554
284965915
449467794
593312250
856015637
598304167
843114438
704652507
237985374
238261275
751337660
926769821
813032487
376683095
928499764
391322766
929830451
465197031
672909301
658902486
721462852
124431843
892971623
794369980
848124094
227153182
191614292
320317532
660197194
275765183
888341251
604825977
214747449
733776325
874958128
600131131
706479277
306336042
282539751
333003790
43309853
503840012
819959154
378877013
825513812
132495451
49526488
725894346
470238954
411335383
909530533
838931757
754707889
212992724
689124649
145708078
177978783
732488685
874462928
394976221
460809612
290141245
897768911
486700554
796651556
9197057
377029869
619556483
674670882
68127173
638037530
61249458
130876819
951896822
359618782
48993279
697544318
543692908
86427218
380213714
295208346
372938765
653820237
197716437
447293742
572143259
446127659
59355421
51424286
805676910
164674464
326806265
429651871
769745938
138423698
237187719
939822627
320264749
747851353
761206014
213355691
907682560
957531345
716847269
520613946
250449791
609114352
763678095
465363846
633286740
389620707
51504317
156566412
404806854
431498955
691906303
601114906
27418837
841694783
420815498
575302131
904590331
527140472
596477820
836041739
435037064
842485817
613982849
884784726
464339324
18482792
804963418
713214633
810160400
122926774
44003316
32978981
539209196
492598651
700447365
667507736
293205182
831566482
406150181
593578973
85564344
96000389
767683387
338679898
107976547
418865402
414218476
274331749
478168513
798528977
197488634
878662650
315011659
172648373
355190377
281511040
992622559
437842053
401890704
343302379
861379938
675477154
470957038
35834354
127196534
510486976
749014425
53831212
314837981
92422255
731376184
249976396
118474813
939038268
467849572
682109294
633662615
569404105
701625105
943401515
969783742
199781933
515737705
297488946
157315355
599201780
847131382
783415328
513325330
423329131
859523666
824409192
173083559
450107061
633683022
683239166
351661568
964252997
990564743
335760292
867780979
243865601
765188998
606072145
830451999
670304685
61981319
879142042
536165189
458486508
459605625
204848123
571661528
584744380
698441972
654727707
59221095
885403026
794890685
26083216
760790250
427579329
141132174
938135924
547233499
212945791
495374245
19636140
385723696
329146952
41690876
297068348
137729074
359646943
350466289
103436927
878111858
110855942
617370515
492755439
102291152
151935352
480195939
94810877
283909818
526740580
855249877
433610157
160414302
770892320
51318108
507092803
271560400
816002101
342044585
849590309
809267589
851352324
150793164
66527244
116907757
101705178
129458039
612950781
788291303
52662808
895623949
101783501
280237442
905873142
775123099
636600288
756705305
596743652
580435632
39314432
54484754
440559352
688777369
866374915
858063943
990216154
209808616
107529106
947545938
488061609
439672517
174660832
530189654
459446169
11315226
127374788
742815748
701569205
866331161
566513407
826588748
446976452
764457983
503617816
690825403
39452674
912635223
80681859
755967347
103453339
77185850
989790486
998013454
208979992
3605294
984725258
817905313
295842267
211067506
559394517
625055228
266539048
91535406
409930301
268129672
591744397
828148925
568198989
123740321
945748461
876234347
996611373
589838154
535905292
956084527
668731770
73380631
725216040
740280820
285680616
885588939
528843341
781948481
915799538
334921947
742251858
17109630
737034662
733897494
382498631
140422941
839466937
728765073
486241585
542598593
543646485
544760971
415009696
730847197
427780342
406419776
814166517
138564130
113358272
317934205
116062639
748953483
732393129
792727804
114302979
752655255
92869988
31315688
667489087
994621526
423733315
516657112
775058973
312252334
157643140
829024415
679062921
832845764
102187037
968520165
670548417
488969947
693243129
269267972
161114137
391094421
647882349
139689924
54670760
147334913
602407775
370181626
716924356
254118804
697045858
731580612
418227338
522389186
916652385
655816442
832038699
27466757
922523231
857500797
694280605
91634907
913661194
887674597
397432316
655811375
540551090
272383943
588645123
506779364
385356200
780900370
337843732
133923897
387043027
502763179
664560155
98385233
397923121
250852771
824548132
524574329
136149756
158695351
271144938
57893600
592256544
80439022
927811546
588357783
522395749
45362959
22767363
263655750
160863915
605972727
793975834
545545195
435796180
590816609
953503069
794562686
131737892
424215616
228356767
211914731
359753894
99401406
110581005
410350496
740169126
741040354
636405647
885839869
119075814
547290336
212854393
562525816
4370391
634927554
169261570
598601582
741951060
847447133
398797557
860831931
928931028
108202899
22450518
472008336
545029358
836506399
372075062
474005973
158413764
72836886
16564478
481626877
651701581
617675027
359520204
875347264
359915917
380954285
136535976
129852371
494294824
145913163
265693549
653093015
99868025
360173182
830549401
193677128
183798935
298918418
329946404
582676832
716717132
546957397
678621921
446632874
110248028
729673275
360694979
544441908
418278243
241756028
884818961
237043483
70734374
513318342
638083135
115864360
783900937
966467649
390612758
652352877
351632523
690922161
341957808
888966018
44397385
780020254
97305175
520748853
899976778
112767452
91003402
594988912
570004718
144345277
729896264
7851176
397763113
72709525
567460417
968938129
641467009
329222587
346833552
573473121
385802774
353968800
665793128
675867649
751846329
132324646
798901773
821157731
739753152
68773586
168126875
625636522
652988433
246486013
223787081
730100044
204188960
603137887
470283754
319740548
521879167
193627884
971228890
813932383
459756491
269225425
121567778
838399909
6324703
152295511
575102739
744224367
256910532
484111087
76193407
490762601
271646009
789624435
549074029
493097311
42305986
432600307
399717577
990125079
205067361
406478437
406606283
554536747
362744503
328179827
411576905
65604197
215094722
96253206
530983514
202458516
613665414
932611605
364380916
756463869
984127327
579242070
465621257
3871406
126216974
44146715
850565759
881622409
859015888
7405980
608704057
255157727
237981624
599481469
541059726
387819661
869593864
307196466
796833774
20300805
245946227
491960115
172033456
234580173
480463535
78308618
509782725
599384586
261071589
6455661
968385059
626604865
138823667
403175490
101539973
730551254
113568987
212986828
535299794
464063092
74749313
290682762
189065812
951877666
505199982
737341111
579327955
676804518
577440230
822434504
79708486
170615970
570195548
154914174
679463220
624962992
331375597
469862661
656038344
885227726
589022699
703552672
236897639
457192925
296669334
145978355
489026105
353329805
792604743
698635061
65602804
629219330
704502997
706988842
186320201
311082238
73847212
8032072
130397773
599603241
93556889
76289341
199848354
577102775
27185094
482832534
380338618
55235133
613982436
12130693
443141910
382445704
342047708
40372106
688088059
491000925
4965893
788074086
221094481
2382090
431903208
852027791
53305317
862329487
28385084
839282581
698151804
515851008
336653107
28842619
99675642
617014360
513314022
144578338
698425551
533215804
15611098
760438484
938988723
250368643
664272229
114837147
658809091
340716565
604966162
376572240
654710654
88377980
16083497
934310818
920387709
530059008
135749994
650160426
744019030
537018620
874114136
303732974
952876353
819607275
701451281
95727994
105385741
901592239
651579122
580830908
124121365
835624965
389499294
734449551
232741262
152603307
141423726
311176154
224347925
240098685
911952540
480240672
573960522
85074707
514309972
731689465
100375040
254289612
252117072
626829409
734588285
6300975
441434711
18673359
851298817
504476513
873205978
620724487
395343388
70715194
222542613
963178588
932730967
610342955
880596082
85053137
461106699
937676536
182241507
93258794
122822982
971193445
394624647
254452495
131387337
415792025
749325782
74218844
700762745
235097331
791102687
694984394
464042486
825063054
254782287
185762856
49119886
780008510
731718019
572029035
798149463
612427289
800057776
251883891
825780487
804608826
797405837
682156034
15318621
31538731
475795625
783894672
71696427
30351618
449950981
849090193
443171172
560334433
542408112
906968696
214907674
139210794
650468848
749786621
634147941
128694228
617018207
122485804
901763208
757911372
949356608
34550956
227806442
654135736
661656933
493802020
131195926
409382576
622258172
583705205
622795443
491389759
686011548
767121030
158966034
728684424
635997944
246823524
110827399
236227771
422096595
716473070
286433673
896428938
370174118
769906958
604450122
35077496
31104837
109604071
966867774
632715595
489780052
625198381
266739129
876948218
48922668
919436932
451416386
602598735
464104085
943717124
283429306
618008818
514001513
121034560
753072812
477712579
400863675
221691452
986574937
962923810
787217386
620428218
604004671
204288261
64751209
337785549
43790355
296296765
87002002
195409241
327076772
698066901
489885375
262117267
565481590
62692148
814724748
462065878
675390679
568378686
735545697
357223890
709674876
779244063
724066183
438576434
847436107
990059493
36846709
80015100
352059047
893423704
593779793
737155089
124102552
88746151
810160429
295975398
281352501
149697143
917072494
389090133
297862482
589821489
255369924
438416509
293455990
95220959
980384677
152967897
168027866
570177005
49476335
690685297
860949142
785762835
378104063
160285726
278178291
119895355
338494481
616843617
356868055
823367583
642315275
771762817
162980880
691174412
639976278
719772318
649996395
261295452
78409452
146533335
704182301
748261325
88512002
747800960
158515701
603643850
536422351
810914164
431317050
7488851
430984268
113210717
855243180
936198163
61524625
367375576
730183201
786103698
108060066
770472494
844222063
13500911
393280670
465609282
836291082
247345925
987615179
258544642
575512496
95750178
378883972
247080866
169533956
716020175
565069460
253694439
378346701
171770588
813113129
674491564
883053746
153637310
241740711
963074093
33858623
50763661
801835029
828125296
307028064
709464748
231022554
264498028
319243915
172771618
876714805
874044612
944227112
601229907
38946513
116822926
787573374
897140393
798647576
777870095
756758642
485045373
230929994
814433665
202020520
898069054
757738176
478317107
183993078
752602649
418512652
356975109
404111928
991561012
74972820
616128430
895489507
327753
345884769
148552950
845774929
227845973
780880763
714083256
546730366
142185868
993673279
777496973
548029
125718145
55693336
819104823
123289607
467419997
901998015
759890191
81962935
105930571
122211971
100287533
16087065
663106661
209686957
784007168
447001832
301708132
103424042
16447087
398462810
2189623
638540220
418381078
932384874
328188820
614165388
105015475
602398859
111989920
713895129
711455971
962844388
297029314
790023171
257178013
704211796
149133095
950310941
47208460
62207755
419008050
519320152
711330992
600522816
421789056
897679465
927772004
511021826
91955883
245687807
723060029
150777892
659419474
463135098
37587303
710536260
569796060
602874823
447874856
941673405
374000364
291520935
790194538
469771369
408455369
114603986
319044345
106407161
426116637
53956372
981983157
776826648
225925403
10062737
927794366
49607318
303798293
312554360
609829338
291905688
645128180
835289578
808668259
662115843
87964086
480074491
368381346
940688309
629359566
45122643
622990437
970651549
743302390
861417544
515263066
913567204
63583884
485373926
830551196
794156920
242434999
482898734
433362453
473989808
704770308
582253065
753881448
202720987
360302321
532542687
406363578
270634121
814302545
462661561
632761029
680667602
674560060
560366407
44488205
246897965
471215888
956795012
591995729
837432859
324453880
365562845
709464396
708528270
527985792
645936717
256631896
923439063
915469141
562615995
770964463
40998957
30111786
704894911
432194735
806853962
451038671
211894949
532616222
772321814
846541992
39132648
86676618
28986385
500097261
543069441
224257095
283791697
12004217
843683522
110033935
525627487
147674440
99978705
925234335
993128398
170248327
507076756
877170639
821780311
717549690
116597204
124628423
843025772
361854699
42964140
555704171
512433548
128388195
551002575
372706365
689346545
38164119
471556851
473246208
43543590
840797005
660273930
427393946
99205899
309936641
455672302
126904538
819635519
512747215
78658260
909993162
812685976
178697004
461689008
79705131
322532826
540723368
510390025
695594285
208790545
228541852
461420542
57343174
814769901
260050402
427882372
66284746
742596040
633791315
663755110
781883253
986300440
800013318
338304419
86687791
428589220
410949532
312855937
53442992
929771264
843103918
414049546
445515077
554069063
674311747
245984757
541646738
735244002
445828038
816765709
716512477
507632190
536038642
89332571
924142572
580126652
605251563
249005685
287673341
67716479
83054935
588286841
514742705
622676045
696546855
718163499
502562412
845998055
324725348
752620201
93248483
742803014
774322314
68575745
304251274
102693290
681693439
858267908
596435034
450747216
28310647
737621931
254815866
524524318
894074005
962565540
11257155
436020450
557752370
56405649
458904212
53794399
440299727
750005507
906002886
759565877
690508168
478495854
622379005
785058476
760029075
898847490
585398738
96787404
479874398
228673550
533666120
214595287
850445452
144062207
555741348
705601981
271277393
136447877
635811588
55701317
493638647
614417771
511759611
881976729
822123316
553267312
295304731
515096241
875708738
872951324
529357712
674059551
712075962
551890451
414061764
691739170
436389153
146525782
64370141
163725434
899860200
498671695
35247156
422638966
283554558
48489729
550640056
339784576
353448679
505897563
490976087
828882100
352522189
392626365
257172642
73298044
137468772
316040901
15538192
32617276
429008323
892055033
707125897
833182473
457157890
51201042
215478137
303409451
803344815
823232086
420429552
974220219
908427267
376678843
340050597
109018102
661638508
969599790
806896197
625327644
711816329
338623079
565553426
194939568
28954191
155897042
108216642
86320938
954707269
436875882
633511451
185232549
115365118
263400321
685123066
876716879
213242097
797580214
785671302
608516559
372329904
644576547
962569814
938056364
923212210
921343046
149360668
423449303
689653745
777361779
460009520
60275057
773776051
288308370
588669782
640627082
893065892
14233260
831663071
10152867
482264466
462345996
846941261
117173018
810907552
153253564
195216215
7843132
526731172
933445877
12493350
926532782
435723699
642596557
189556941
140441465
810747837
234115935
751304874
237848853
945431852
54809930
360755470
281255706
734105832
686010227
25370697
821435487
251516759
93864135
331926970
899350109
904008784
280099656
978319948
403621456
884080891
651010384
786009774
784534483
710291388
226845090
756852406
543192163
39085675
498446016
616508094
317023787
809914013
871847842
148035606
47278910
905991301
761855811
815299344
762269711
236039443
196282814
209868883
327935858
110421120
284707360
357171350
190215761
700902624
757530981
213680319
9593964
669885311
410759533
31615831
740414805
308275673
434067833
27947089
167905332
200958763
31684221
753492148
422612672
677600967
516853565
58451505
807369125
995555520
742015054
287758690
961613214
440200807
142270750
925571211
301042665
112007859
607887825
225713945
201582423
238195967
281953256
167042222
931460283
987600918
771994020
852380626
95622785
971912525
861193260
305613612
34278763
784146638
681062214
207359349
137033729
869071883
359068924
89463996
54896358
948255160
850980257
241529282
194850439
537466644
997698525
43211321
132107138
650724699
574046879
244750400
707975412
749222510
491902386
903802074
556096040
37968519
193757026
33504595
70502943
117705621
247110223
993463991
531344206
94540916
853888350
39411817
603689464
683946307
604521167
49477122
936526082
767337149
521072251
14133914
501461914
379046078
84680690
20016637
552325174
289098793
507692862
383530213
806305084
925755614
390551458
296067390
74288757
357006560
408762504
603991947
667056297
844374015
445301491
81193171
93294272
460914892
210663642
849259826
346925419
208635383
390118288
64749059
256599898
981855323
978810447
654718660
135483590
59043385
698333175
108765804
221289293
317000602
122427828
499060627
588951127
192460544
16291983
972545849
926437364
520574950
910566779
326596699
380348833
6852731
933134865
876869446
353396716
263271019
544246939
250212334
311365096
105642113
155290794
183821482
242576527
401121975
24577623
913866227
848040574
529910564
54900985
940363667
863622947
148499744
952956673
968094806
5074197
189269683
217596363
352192159
496415760
411720914
966444456
832287672
743971548
618392636
864318628
193273217
227897281
310872904
687492185
676680235
907311385
53480129
593794200
804159664
682401741
113399764
89496780
795056668
227613674
885339635
90982054
943057496
640716904
359595831
5071604
671757265
854722787
920637976
162099563
357929057
851932789
408658532
921058298
677784047
486728372
56746945
34791699
507572755
472555051
914562285
97018774
289139664
586296626
592955879
604716776
591241330
145804094
112010935
995608239
49727162
440475691
584019520
411845749
975189561
6252882
431302695
129777142
785627446
644610466
180724305
828306740
950730048
536878010
583531706
35980715
366451052
802423818
382850829
622676666
930519752
359930176
515940946
100928508
574262363
940113205
57529794
955792869
583876026
833206211
495253798
138132665
40427830
73727888
399830703
118744781
201631706
276494182
912538627
624474134
384654208
371644750
155100995
118980783
954473961
926843019
50949370
750086355
729415165
425501530
750264191
539108536
304716786
292759354
312638573
322902344
684898893
347373364
863795647
233970701
752110005
615768617
572804085
35768303
573882782
809578443
165217436
844999397
446505086
740959870
752334735
655955346
924439739
78315757
694010901
921229315
288007557
580742988
54143963
674284045
932464268
423380749
543637994
695496553
38820762
555357216
931906809
960575439
645836970
722167634
159481384
778670581
919204759
641125685
660352955
121572837
797921172
669626280
649057007
37418920
372446176
119397457
869608923
353552871
928909940
877874335
738569093
185266992
151528861
598855306
85372450
520113697
777409055
495693485
240268917
192774993
869007745
367671160
521005760
719920137
177278000
287575348
263318440
140209357
118369473
457909211
424046958
309474104
885007138
45601287
957591938
816053845
13082564
430811802
533870075
543132908
18804379
657794823
499352865
610773955
151988985
97430585
985879057
191517878
214064524
939607599
137599499
900380203
978074921
95600432
480978812
64413196
435974524
851161705
922119501
280717814
768378767
494262727
856344531
890027845
789862069
317317432
361072169
910359039
989719639
183409992
396202852
132392539
848938151
595515633
738713643
654476150
506560006
903076855
571230245
919756829
164242159
96229155
440896401
524878017
603011341
30307703
767682166
657240766
760756872
52089614
583598992
642450839
793703090
13784778
456546478
330217374
640100827
657007613
288975909
328805098
91837347
11232253
385446088
7016254
824798022
659864793
348866138
133768354
887915474
784657203
772854756
390680897
404972405
330881414
70649666
238529846
206532442
821698729
814282950
615493761
80515485
986374588
774548262
130180371
920051722
77821184
625611367
37134223
107060900
148672744
54036242
536040383
446517995
768331077
397825043
849213920
954388627
999578981
541540053
309313391
7033724
464165221
220862477
101068987
99097788
391615593
308972294
329806674
238678006
47370688
600455189
811057159
899630454
98507456
16208255
824328673
978678537
120264151
882877449
864280487
185243599
162854748
411938694
792408770
647545169
943200561
579873329
510386321
947353910
55357707
130141957
537126081
828267072
845801515
63434726
81123904
714007271
579681664
83603635
690648708
729672234
534460112
756152715
718140943
393062951
100329100
539488111
142647993
320351416
737039502
186598709
905236043
907049846
883198473
293596904
850133673
809452838
766540067
380058449
275946844
384328311
609072638
184122099
989623003
893479950
501322070
87097492
45054257
676895491
519160661
694838007
350215057
992208910
235904404
777687035
3937464
578126248
712673977
804410614
159462823
11187716
142565805
972542356
49152463
939552411
954087828
999720621
676663429
739063271
609410220
643482696
645239518
524856110
297219376
601308511
252082756
193401159
38242477
928639018
498815707
930996985
545339938
586709871
18117200
481120583
390054286
348030192
956278263
854090258
211707635
766174646
61152012
554480911
873755686
553508706
97654658
559594929
577236511
223347976
944647700
486025646
393980833
216179994
84139520
986130813
527555474
142657026
360114936
193726186
282740150
906050605
376786680
256303824
499779887
24181946
611408953
750380739
247654224
17626162
537777273
864788920
39738617
949966560
49327524
499632677
213598676
794109013
550325965
232747096
138518480
746768132
307657731
550534336
287144585
761923731
76452421
370114642
988271089
760862682
544789248
218981533
721764518
715864144
748504623
192516079
427608865
291497228
245803672
144932987
98414200
711124949
91441490
826138045
704942760
557837707
761457247
147654689
434184285
461679665
572465161
384319983
521467180
999810614
55200994
150852814
149536143
158144278
205237360
377426977
344864894
980118681
302672016
222909672
500688565
633656550
328011717
431384383
208970831
830913257
998897163
908095500
250673417
365456628
871338790
81194761
317488126
129501873
463551259
381878725
83323388
225285845
923491697
736469203
217588605
731418907
834910181
998355600
788452978
840963199
697925013
836260588
959584761
562782873
806291067
81360384
190032935
893124776
49032170
986664263
312496923
57189276
141671239
747882444
816834589
838590466
609934648
180610973
133101373
804715772
737093556
458626303
102775672
91688235
16416654
34964524
543664765
90378633
583139898
490963142
118083477
379452193
84948137
167599937
909321317
10676161
888915448
582883110
929721785
838049237
71039300
427586932
903427709
747844165
419471853
32507306
913891191
670530930
834011446
247409230
267928732
16277186
351368046
118151411
264069087
967600986
695256746
939549535
868259456
322219553
302618256
869858961
199257575
914332308
260854724
428026895
140304008
973917860
264760716
209389874
412450680
364348945
357252286
741170120
214459767
634885118
96639595
363813999
299007090
837547556
121237129
125400911
366776876
308839113
824137069
275380050
457397579
94802678
755372845
309559709
965238387
497432695
275099333
530107339
45124504
45911514
339671384
972671623
890579971
480741898
905917722
669219685
311776360
555900760
914740453
451276626
816668468
109111033
761927657
984651341
611301113
173720576
324042897
35337897
960114123
479601729
513641597
433217912
672393334
3574728
374858979
757123575
877002579
89454761
476000813
68490319
601752571
460577621
306838947
48140125
135872749
162324288
654800120
240799215
19331742
63975713
98459859
260408384
104855573
899399243
899975997
535334011
563763489
629542360
996247321
864549700
235271683
852295052
596515508
666197023
890443347
367492195
65069766
305762859
635235261
307973981
137291375
604563390
214201535
831924865
495732407
461270622
7646949
721580219
524024952
10119728
225576616
312883273
617144818
940097360
423610183
62151431
875310458
592346576
354463451
972801445
971848044
718651508
12755513
11233345
326273959
150777025
635850868
243454024
887289724
535038406
773371036
90712826
643755031
749931709
33322450
879978687
857604119
41294923
302204052
689441907
203618721
342480986
675543272
449827307
117706257
639101164
137020715
19620327
171274613
466698891
607061666
135393935
174685403
344583736
754592486
456588654
374385685
869479573
701239818
226773588
907081915
833296049
73427273
112294049
680922982
52274575
653985558
438434084
745199182
691837490
199219919
388925172
501062225
599486392
130354698
629697720
341715596
669963069
301044712
393411106
105985088
178722658
12550952
319834993
593138974
957858404
157521898
141866823
51219252
327051763
36648538
444908418
774247571
778382704
948169381
277318563
391972974
149132710
28744228
662520664
152121061
335739551
984921015
597454115
435686603
236412417
439275832
98403200
136473501
802853431
158437516
140411163
843816045
339551941
66699492
451475038
526683812
103623821
293777181
165114917
341314713
918305980
548503380
738774903
320945017
507889885
361656073
877658684
505094940
61441527
674488460
89628966
123037797
745211554
869693834
513961058
665425180
899421405
116018578
246958542
866826083
435965897
847578552
311098970
500010879
772701057
242162514
562868739
88802134
916321867
658767694
67056512
668146326
271549016
804545891
508650740
716496589
927204446
239260570
949262657
266625619
958468116
367898738
131778956
426025173
484949340
589186091
619038416
825514546
338748401
90401826
344665820
632903343
538104192
298156812
924634982
30320401
638101787
175241209
273877345
922954347
954396334
706556386
272529308
923140632
722743303
4723653
329509052
45882880
491419733
737468410
231215529
526919654
193648967
79442478
822311795
353645842
38102676
909045507
39672375
810021624
49854096
130563507
677362791
475143924
918195705
37411116
145243580
101981681
956115406
510781919
494046797
157251403
373710476
41727303
796483801
426241758
980806755
113794624
97264892
158027858
217186754
648806380
696804722
749966701
123550995
23393261
870541834
932927629
525671629
710051
656461482
697957744
460510091
884924708
597399818
826809264
381150659
931246692
333693547
729265725
39956673
569303550
850220937
345280078
680161449
135232626
498461069
171621472
169477491
827437927
201960767
1036631
147832492
792429711
780404278
870653473
45352991
24713914
331824409
843304480
675845251
99277418
806053272
118704932
664455562
525586654
477759328
418334107
125799764
435165843
228373336
865361077
623109465
143353677
485822480
291978747
530215352
475565505
880459848
339942513
737472540
650427168
615234421
687264082
127637607
213358480
141259499
184494684
727356318
109294860
135320886
578022549
330956739
640983875
974863692
834142425
956954839
382841218
863232639
175599121
518282432
839052961
98268402
51437733
462677337
774953458
450866336
187111255
499500831
766408969
438389408
220829223
383131673
525091836
884083184
720493447
663150451
270691766
225432783
306728371
151356840
229301710
638969364
472597376
412268843
299420545
643869213
333760483
649736067
135267937
617037212
329469422
503188665
77555085
718923608
631760947
309571005
314227259
468276134
755160615
68403262
628616779
788747609
797797698
315959261
529300837
591232916
97010843
531479202
730677603
896217248
735149210
257949876
330509052
586595704
185768527
105656826
984602324
35865128
533057849
140963586
811646108
834576156
519808189
365775559
312873026
60817714
160175199
898456945
585993287
798254381
637696211
140914828
33023930
844240762
972566099
450387722
508297528
395922961
731777650
798018626
2947013
76882759
525997225
728667202
528707719
28995252
305232996
403807241
863129100
227432773
139065936
610959691
982854315
460082118
160663785
130412808
868141474
179047514
272822796
114492695
353605245
458757690
594480823
93227819
22041248
457238404
944422449
399410521
531852914
357714212
68655662
835096037
603460577
33335824
607003323
506241806
787846833
464392241
215443082
543458856
779251468
4657851
735075216
688880653
430488172
602668934
844254410
146583192
257639301
385952224
957308716
772487500
4417723
779899814
747555479
231085353
119564620
233690273
886028232
447602068
718479960
270760247
472366730
694374097
520520301
348901162
144720065
139838559
630733892
147335581
355709445
734266367
161612365
645298382
307459792
27656958
873064587
451594011
140236555
941290463
88220059
70767628
322364564
577336394
77862694
517482776
235941114
360561530
273050244
321545938
111892452
103515103
848512036
60091477
289624852
506108311
688022971
368859540
879030234
95162700
259750952
657994467
844848602
262091812
452453164
532901320
225430442
746457518
916681089
275846532
69675418
711003424
270764105
588599446
776380802
337868672
290348035
831679745
364772462
860605532
85262179
730574180
139227064
420678894
408645885
615114896
259085948
914128268
651354836
410962671
649385484
551841793
662460757
999341487
639059641
305883935
731363350
691210847
483914807
720043973
814362878
302218763
158646720
99953749
13883870
954752743
673189915
705780174
140380972
222000211
839422405
837619049
213313264
101953496
160724372
636462457
916783624
572182874
588516237
348024188
668481390
326184113
214468802
952140776
6399163
516261575
151921746
394325927
715056551
992291915
1232722
694994437
938983129
768098311
526910014
145538532
348073576
238607286
918315862
323064447
112326093
529507595
361872378
692049246
492873455
809244376
311235457
674943225
57985249
623473335
574694958
109413619
788756049
923853657
488152121
613756868
585655754
185498924
705944758
144125033
147278622
667156965
298571388
708769183
809979636
102609397
298342840
6802580
182887970
469737128
100589396
140557675
831524644
771102410
531339719
80994292
430118232
711898152
173091991
748698824
915578313
366385698
179040137
873689944
730948702
416736698
767338899
562303100
478028083
903594045
578509499
249507365
919018387
901344675
490370591
359593568
862791411
326725903
457353533
641891832
458120270
291717323
849530716
153771740
306183408
817150767
351820244
282570360
992824032
339835853
355169943
945577099
374630594
582614228
218140298
11760660
149736752
985410151
253820161
897723969
463193706
950309704
829854853
488528554
632010198
100718791
939907519
264492755
102648443
682360952
634463264
685731483
628686021
380887695
759265453
677587326
549771787
754436419
954845158
162824754
449735083
826579359
941302503
762274470
72006474
448720760
500879170
75629992
906544431
911705747
756660770
575883167
154636375
848608828
557433044
971195650
66542918
900815429
277506826
344570970
888280849
507506449
54191885
907070898
328486112
670946779
663946852
641571711
194147385
930423574
89316693
497633951
223659970
101029412
692181854
782244107
443206951
972092031
26829143
632899493
310201728
673056346
632050533
359228038
770911139
421312953
372672758
225479687
971440678
237634475
936084645
66979259
552923429
105322302
829712189
758992751
75845468
354788993
587976777
734687264
208274691
920969841
483623338
159834701
993322664
189806575
929459340
691337297
573396538
138273625
387047389
484220769
231876436
610732395
328421924
906565226
48070929
529000217
383534600
105995402
347151730
751304746
872177013
590184901
164922238
767044263
144669445
987728430
52928692
476502634
132664853
224801252
540684199
47360482
334271643
835474681
862836878
19155314
395330781
103519383
303499661
243385037
456311958
11935080
5943754
723637676
5604729
626380146
726374884
586006235
699176294
620818831
20320345
202933967
94440070
648067421
15152045
356581971
513435747
898332305
416506760
70654928
461492453
942244084
705852592
566028272
734522808
132398836
435603101
199236693
950976341
750051721
85691579
305077023
108331858
130552588
679301697
71616247
479611586
339416641
931006735
548802347
41135377
104508657
682429741
321894910
965116646
84765487
797131767
862967082
468106613
569064717
629120051
772855458
365960133
94245805
375662713
922092876
815995401
500777338
784021790
143539490
449122833
276278726
711284504
63129634
752221218
807980252
974417621
598833293
350591208
588942802
87744486
316631145
54313921
434685211
26038415
216017336
872579315
805550352
749438155
87625978
964185713
804864045
390824395
944500434
373849698
94617209
670106129
594424568
966419984
669954145
131900215
414987371
621556547
616524137
106383217
937952947
26597751
70252256
523664096
999373550
375513903
590195565
37948426
963235677
659662670
3098205
31603674
986089034
524590079
105929760
997380068
565786017
77608087
224294450
500544402
118909588
545329833
53713271
148352560
13969835
854971110
805132480
596798459
262843714
857443284
42671709
164162659
553728378
831073045
935357395
55016764
674123159
401689622
344710305
997767416
222752514
580827004
568086578
941600303
376711627
479061003
103573421
741156742
877178225
122912839
839735090
112490872
471734320
555209052
710962604
740867874
822234346
421829003
871096232
536098471
151992934
697620274
367882633
900587438
379155760
928380089
896018865
128651697
797622086
617113927
321240438
539916154
267608088
312127799
771381561
710740670
986538378
18736146
525018590
226660406
758965986
620031366
800237997
26461851
55269111
895863682
716807632
33006711
608168146
416200861
303211865
378378266
663431860
281293017
530510041
379381137
654419808
270230391
475493993
839117315
638150599
260007030
894563158
142553740
623484196
547771243
868343434
339509848
810718201
721806248
425963421
572933624
31140335
832930348
685730321
54550365
129745120
170312195
556679869
919307888
746370158
842701109
37013278
437230000
459255722
146172476
581716435
587952303
509341660
751170953
105404006
464094188
32709444
57353906
906258971
673207289
552665554
123382718
482418820
217637591
46355770
653101559
109707268
563592345
958396435
220786656
861100709
98510318
583325754
248848151
24211035
86334607
482617083
481116793
59086508
166551949
625431883
76043027
682308547
729119609
24473069
661315181
17504601
439336823
580941272
560034112
730028876
681284736
767393143
483644123
988547665
770390071
414810489
703551762
158627241
984374756
560532844
446851386
79955991
890739645
143027599
787470206
746957116
6715379
807613607
295656761
663434489
393697213
317962401
700401550
87035204
613666749
426704384
52431042
537100639
681011030
826600413
170113344
66368747
946589882
987154786
564186439
21183910
331018413
691580881
315149015
993039273
295716986
955753425
917385299
318650047
218853350
570275157
833045782
813587001
319073065
745672303
518863107
277618514
45972767
181399200
297651171
422279332
685601585
57314320
736564629
552725787
908404078
385885841
356521203
34276147
252829793
322850304
557104025
364611511
124733527
842146859
695761746
660832159
510840432
194670242
336164203
294140564
29845793
67378418
280805963
13129201
872447274
480339806
686836946
51328559
236806660
542867873
851001174
114505583
627951400
279551868
397903079
378040608
929181861
342458706
279732541
810712864
8386584
328247256
987106111
368336953
789889483
755028612
337759787
262282962
926548256
155657424
564793646
267152048
657478094
789779013
751214179
213670335
724310817
887677272
161407581
164755200
43426862
171939887
486326549
569006043
590922676
22325227
624701317
210828738
980796830
118177574
399285198
233314528
728929635
581252830
169989029
615744255
247218938
651973651
698233867
494464016
997501952
256248452
284723267
385734108
805140985
193868774
110289456
343004676
248384279
475394677
302606595
10988967
578847396
17042388
323205101
974101335
928310014
878357104
740333021
177710436
411018718
264665875
570191953
601930059
495340876
100393172
198553923
107146535
513259770
731464368
372937915
751631735
790090861
930463249
579041098
421375624
518403482
185291915
739386125
744677116
721296458
399467517
266038158
134638872
409105398
177686386
243754921
229516028
75364738
769864106
936974144
896582673
473816739
946495756
396662387
612005485
33486051
575638012
925633233
185248117
259144665
27091188
619639069
581261186
865031862
105451613
344530884
825132560
33548700
126121151
495187616
748966404
600322738
760205056
99391434
416223652
705399136
930401558
107342958
528719862
34313425
871368381
677226977
715782404
621292075
439044093
670038365
146199807
830805307
90103428
628322562
678844266
685980303
476451882
502162213
782897409
120509995
558076619
556597171
846362488
196496482
438335423
369662192
148770330
67645271
709984158
3933684
407961661
91265155
438847951
824515832
457047615
218877468
730934533
26618857
472656483
197096423
777715795
228462973
264955136
850460481
810457193
880930915
382390964
122844906
466094397
96909768
172203974
37067265
230191798
26678420
26115527
975609011
273531478
492094676
529665207
895035086
831181789
63568096
173029965
355990276
129252299
563246516
676293261
816506109
87039200
706182041
750634954
362970723
245712732
130006977
709348520
355983478
72368092
180506443
285518638
416200700
609144769
906003779
582259069
396341606
598376628
994822283
147987089
753478129
856923673
601453509
720317703
948199386
95610462
710636834
108346506
225018778
378708672
57757512
895446510
903259688
358628321
123100917
352896018
554656897
606888689
277286638
559212792
661924036
282588007
961712587
138121713
389474106
3384989
4141516
116848115
864543473
698817476
935141176
12275774
5108103
434887803
126999132
320805099
822533739
452352703
770422550
285569242
600367905
641397401
58212366
754590972
838518245
110345660
938395137
461374660
147792416
72549831
412108173
99341480
574392151
636901124
744078308
33429114
223046223
45995067
532544959
818411219
201703
578504926
160729264
600742112
872791536
916947558
516921610
606632373
132900758
58652543
23762569
892241298
309633402
11975011
431539853
575562034
632270481
410445318
947144429
966508699
515016055
212743459
635646070
601048186
969020053
407971126
799193139
653891524
717424498
535812071
282297003
704284012
900306669
259834432
66924056
888958336
654842482
395596349
339436696
141410239
554328047
267227969
578504590
720817969
941257086
787413260
106459404
902366058
633681631
339693173
455289466
893365564
596297396
574813696
349857529
578647199
104425173
111214715
563748956
690770496
837199100
522380653
308585606
257106719
142783109
711300504
191853374
746813730
225728283
606385428
550924883
614385268
576944311
172670213
234922502
517920784
606894521
399453217
917722680
132726721
722443485
480499502
198270810
116671470
345531387
392611088
869231971
390039337
449556032
730595539
782392442
130007492
340624866
559791024
785499080
575877217
530722089
708297898
596619769
592893678
93589709
741173491
52767830
427200997
819825411
529623182
120255787
277515059
146643197
841847012
654575879
723129192
743232333
148480062
571027569
564530559
349439092
776219720
7192874
78872133
268699399
803472314
654357615
228335328
185720305
662409687
541278792
390712211
899328711
904099839
15772429
959064448
409078382
943534003
599140986
443192143
367679243
448727318
419357943
570538480
191008942
92773392
836242611
201372340
484925388
295638331
876889842
762748746
486542692
827271890
955491077
709992430
162777088
777612560
402722065
785593568
395146999
162478898
71405321
384234750
686009200
173322197
974197745
93384085
829264948
168352740
827977065
829092124
115195850
393483363
440820628
712576110
300438039
206254674
123699759
895706289
60159026
34998093
901332607
915312200
429230511
5421254
326240829
859854765
640382223
420278854
22517727
85907797
166414420
535764319
586477906
979362637
776975016
924521332
146676039
463439443
36494341
4379388
438386942
569116080
796396521
283581257
678413425
707681156
716205857
289653731
231905574
53552680
60478418
164117432
74567683
235397924
997610656
590350946
108449649
44191017
440251243
77941831
21280332
203668391
499584050
370621950
253281318
536864525
990983844
423754788
497351867
895213370
249714980
875870193
861507420
824066643
717850034
395880301
454652690
916461452
160031234
55742242
342997865
673117902
47084654
635338932
123550522
571496849
371102965
857164120
542608798
73051317
520595989
689740160
131586073
28705882
437638979
641658958
465728234
603778186
904382481
324003391
540501849
909586900
811617604
624764004
171809370
79455057
597282461
377640807
745908916
229533731
34817013
630066308
56891995
769365104
85793994
420432837
148490784
790082994
270746361
343279722
16291549
390943594
526385458
336961713
957863556
512041872
738634116
922964018
783369320
207351041
791850892
825883447
299993085
244902667
169909255
569169858
333724264
84519947
760180544
618107610
436355515
103784964
633825420
38349540
726942164
831070540
54625792
645314422
46075851
945705914
255502474
432090176
49807724
607585685
265435848
413589033
248695409
394906016
55289401
176986479
458172342
212507357
861792953
631571641
308027808
575241260
678688551
728374093
94476266
785443330
530369983
694563188
942912482
806412306
602703441
139093772
920097662
730234355
13261420
385635743
105468303
539084269
229786142
934835498
446780831
735912813
159117951
127731243
510611243
267256993
240607220
90380802
962141991
636378018
917917356
251079604
632855771
107226577
883314166
129947378
219085689
990538240
589086299
743973125
107912835
794762850
763175287
422348130
599212870
542187781
567736358
403878913
708120897
754012133
827814937
470407359
752224005
725927290
851752508
599232841
655262464
510591806
825462690
402108602
872032972
764420229
239129794
220365287
624797954
464265273
368828520
89228019
163707982
835975325
28407574
800199668
556057190
284263649
324011786
958146257
23771705
980256721
873619985
198679569
616379483
295135652
307093268
607616091
26013
776104928
22405080
440627442
984809354
557318401
45342038
176150291
909909471
80318299
48834515
510567773
44931204
352500136
503446594
941315551
908287672
135059794
497575397
210996602
257371372
868662450
334773196
378878145
87041758
438381377
316739033
83673664
334283590
937395967
776282936
460187329
363208009
233112600
169928035
785003903
559630979
761128765
189044348
501812832
474400599
396206743
293316310
866901577
500741324
518220880
464779034
306512065
738987267
648211000
481890308
676259526
781523993
557653725
75853945
625116178
707327369
186260776
88387235
517718552
305627698
373000898
474544608
94319494
841596145
21268510
951064712
654052187
718098015
226148009
426912458
111606420
943505423
620574851
541552662
100089394
314475442
566135983
988032828
727894240
776861465
203721741
36893052
877153843
844046129
579448081
58216128
327249179
549160945
831259039
483835185
76381340
398926160
31914178
470760507
546882119
117058901
860234356
238403323
708478438
285448017
881525573
686153140
388932839
152188551
759181473
489963703
133100807
491337454
387989463
697515996
332913585
462205147
240714126
957705415
944426257
423502507
355662852
411133883
770614634
964096525
206444027
658985607
252927222
587664590
603726160
132085912
428883191
448451454
311053340
869623079
958890390
354031386
737232896
237409495
726486850
637860894
146132325
449467713
751663181
266405881
403975556
325455133
133204218
211852118
157369368
441473212
579712567
876319468
902629468
159759882
277970430
195515992
179077739
183473465
41298780
613638408
133415171
4201624
464290121
340001242
862571819
704465449
626622138
459208922
378535688
911322629
385608714
709593544
135126770
914964952
37618828
55406107
781763369
669934584
109801267
288108269
115770659
718321888
136149467
954057391
314130070
278734392
187321957
101098546
912693055
929619204
735418884
812552254
705938106
634875126
936664937
671746719
44561353
668035195
940806317
879951033
63086333
535089291
121874044
16098020
785672864
216430613
69115676
808697915
509650052
961368928
712095452
655637157
12970507
459582569
158202586
826355445
27532005
493197234
471583328
573555231
461543737
724912997
952957657
814098220
230076097
488189467
191932973
637042990
68367344
750294456
602998407
377654369
316872563
915487946
157500647
951022213
998237182
890348325
717837106
932484275
100705448
36445830
569896338
15823281
267526780
50336649
673774732
56992438
941408271
452537807
153692868
89724353
16330193
715127932
351935207
536127233
556824459
475890327
44511213
142868038
302768218
686063753
392966064
478808896
425521208
573504899
417661328
791568483
903963132
886775041
934873938
928317217
945308426
130784238
296187705
95172697
112416999
165544867
882506272
808519472
169824334
639902939
876962789
286509836
981581882
695227729
907447789
994582130
156868937
41029854
291240821
70037396
654959261
153694028
733335826
330285489
68623098
452712496
39512701
610591458
638037100
697259590
888540038
335099624
420921105
896399519
196283037
803608140
869355980
109317741
62572256
2537168
80858207
893623492
56719475
844973106
807312014
673523404
110530369
746024600
192817482
686124784
88427480
139565175
201993840
4196241
277745742
916834837
539180579
667679398
921265700
514111418
646367722
435453087
245914523
527161738
305899288
828584997
331483679
233795695
548181893
151005427
446925122
645730190
503962215
837836951
173700240
208436937
145848790
833745341
926828455
145967859
424952064
389880229
153297852
531866271
404280171
462799223
335973660
142894317
61559693
172274527
277762218
220077246
620351512
469275148
602927383
376252006
810672372
708577733
586660480
48497563
103553833
875859372
161671912
974656076
937019419
66278359
384090572
816271653
534598765
924807461
120107537
484385433
947381944
317300424
932663722
367853264
551350446
662991485
580062588
226748255
54489639
503394950
606113818
220647752
500410615
60362282
127841194
973189158
963261818
937044832
222956205
582397589
936965196
212465154
915655768
818178973
561980299
415464735
988361398
608624222
999463746
845879821
641260652
231335110
24492388
156433029
168961462
541404758
511679613
386308950
592771337
23735726
786754926
347085967
490338473
1933524
898915662
21896656
355517566
414998861
483120773
137696427
993900471
925086531
139018146
381857804
911726262
665273015
817752806
455045480
147037642
85464193
984069665
305695791
340905493
83035717
937956872
246671517
449259735
920157024
877612507
472636321
779468184
618066240
24595378
210657416
507474286
119181303
406715262
462404203
124576951
32182454
35533405
239118650
220931472
755530651
896310899
36060816
34375475
761011021
333279522
407831259
88197111
80195793
223689569
533040551
99291448
432670206
549238423
745322068
924292805
153180982
192290155
55746556
553957418
903724058
646618173
827822285
346896965
433210643
95818326
823534226
409586985
367856193
353362186
568244566
865069554
159546436
905943447
362933723
321033774
202732761
167459267
763089883
218918047
725958829
833103280
188563757
343826248
102780074
915079542
732505721
306831044
835816975
943234943
967389719
337485957
160202556
426370097
253338458
878282818
423143667
473382355
719047623
615411698
85060876
310163991
792686534
531833044
938448746
812671259
585035085
991955642
177782122
809146382
85978047
235741877
382767039
747938010
649609765
237914747
719760756
53791487
674970547
746018290
528843067
529735572
281283963
67699674
268883114
872534737
940877005
210057736
503229385
910134986
225457146
153242230
468259677
727787282
833237445
300706864
626288940
614101163
506473361
511322157
550097944
440119192
703126857
14942373
459647116
592722304
725950121
843107250
566696106
416381319
942108817
733573921
472935432
524474789
626953435
291718543
23300500
929894963
725699320
516721666
294893693
765260637
474648847
380322882
397174345
941144425
64634165
143863549
75949024
480212773
377363313
603097998
600759897
575383357
604509987
178106893
244782648
140267206
660667505
541325242
914196239
970320681
981534813
974665134
581264009
73827788
995056221
292883360
302020042
675748548
407434917
838486084
700131879
912878253
263747821
492024547
766656788
31216510
494976368
556883831
123121414
5952140
101064810
309468135
868523662
439480196
979217905
844191132
488204711
107731902
916538698
139371438
966900793
478618727
640194452
400289966
364414586
125290194
720421553
840393749
737390915
55612153
317050439
873587867
66531453
664662052
241866480
766178818
753107695
894625743
698294015
51179693
591919111
309087089
326536891
364820169
13221677
749861457
150841301
486711612
535880602
810907853
217814116
449418650
815824875
43823861
805582505
4300149
495984848
691075526
9229921
900216520
858537501
986595855
601898669
322593319
216049562
336667212
950420382
731623698
828708822
104455518
59156013
824124285
5331874
421214781
284472223
144876656
85356763
738556922
744184144
130331640
502438512
674141243
795474991
174197892
523418553
453101043
87949046
48850431
133599456
1807843
394176156
831774496
541330873
640155161
988898400
337584010
586426409
804340009
69616632
472689511
592543583
245245395
561484933
807089784
670124780
53247690
8447163
161556045
409554404
110683462
469583611
198241536
646094724
544217379
76936208
164595825
739093160
908483155
785681467
325191600
742327098
371651562
432106158
917690357
298602163
185561801
569362635
95186647
961843471
870889729
18094317
638839339
851672266
542142045
55237583
749090134
219514028
923158477
67379215
363126516
146444591
533141077
781151846
812562495
661211887
402430306
376563517
382378047
27307366
767958161
308005996
264584036
45946593
24175168
461410405
403893889
113585936
378565882
89378886
266060809
370571306
708251552
255454105
955761967
295870108
196580677
435892729
796833594
802154664
679559713
641438306
276415324
422203619
923973694
652914172
964957701
691481186
440927808
639887202
721669844
997108668
858425555
654377176
501527653
79132545
89396534
342166351
802676673
911971941
800458190
504941614
459958794
411252637
629001038
507421758
306543416
608563285
395214296
57127891
545111233
981998805
280060902
941613456
579760159
47510149
862995591
32219305
796759871
748123673
180421403
578805129
268135401
516249152
115488732
481351163
581517825
973050457
23976778
544986726
884030122
473792313
62887794
227183652
107877691
507496496
641203723
48416721
549100169
262136297
538391751
422539055
368229488
893365995
133903048
715099102
638307917
831071497
51040677
338693221
497621813
660293846
287553677
925741284
112776984
183126903
555672051
818790702
964804380
777190845
892891839
611405471
354669844
544642813
866343442
83295867
475482073
136396823
64869091
296828039
10598662
997820569
950223539
549064224
617795664
77759240
30875854
818887659
532074792
2197527
852267523
18200199
958256575
509613240
337392881
642798576
793584124
1643671
193574934
283189770
125747204
546495751
248160878
244962445
771081376
120210272
612381896
657052001
888072632
393470242
436295084
130078616
940876712
664381283
231597116
700650866
17207282
972442620
837366516
527381673
687234827
813581900
751278643
61008022
782282026
580138604
929773688
977698761
610676694
2436920
206267000
301407749
104155731
973698685
320424881
50616085
889170735
81817085
796339927
779148817
389304672
117518377
400870001
729406019
642283283
734976590
999374538
461875319
874289790
854670258
8907904
102905211
186766355
879573883
260234474
404838239
949380731
715966364
67543987
312180733
396595849
149546857
77673611
825908996
126447586
14253553
476978491
32909685
642847598
457298782
873380032
628578896
578046503
902146824
913365567
464688028
870207070
130986539
453190438
307869037
6348687
683931073
423322954
212794027
116305734
815469108
657562327
120002349
568040542
306371053
796711519
419914968
426572398
404978120
991227088
73043500
450934156
151979570
345040031
337772993
482091341
492770086
48011912
937669441
781194570
260259050
989587877
597805593
374108021
621195283
451519621
725070853
323212739
218445607
114194438
923798051
713763341
276540686
176509590
565976084
116296756
485790925
731594938
729556755
642518298
467349561
141181098
887690807
126998886
583919151
138564280
183973908
186821913
792883582
295990223
230362413
426867336
404956528
121988384
566403041
61704992
88538040
353382686
962779385
356252588
977631404
249969051
921058713
977679660
466693885
570202928
20195568
899952910
877368764
919882150
75971649
180121086
825301036
173038053
141378324
324895724
107624351
775304800
942131100
864301614
785016206
43745018
7818023
36450577
138082212
205256590
625852
283134114
904037286
350413543
375544121
374398091
403223791
158518073
311787184
634087352
719393388
911004676
33323044
419746045
688082903
558154180
243181613
111077453
533894391
769189040
429309339
657214565
418781760
62379156
223577038
287700165
223051935
234329357
399717723
363548447
20776220
683536735
47620328
485340084
688197360
341799194
168379117
115978279
566982964
674961114
281361678
637751134
340610443
143028678
23084728
725617103
585707131
938988296
603905648
326259269
114583435
455046550
525230274
60329392
735354507
127719103
369542164
614604766
727100838
477836655
997419262
480065981
371895985
419036793
95576355
503386086
123942275
740870420
836607903
74070915
964317682
302197319
746419171
939838870
852864566
454967358
763431426
799022867
167736306
379807248
240199614
5314493
119079702
699898590
63806522
374755707
677043685
299988151
891655875
829883970
423357431
605211231
186953460
612344918
512112933
776372248
345727749
735142386
682347452
932066287
529815426
599157877
409294861
401884177
993160231
633676555
821811362
347811516
420226877
157117663
942023202
482855993
779878055
771340302
830483246
558823639
226231771
826611494
429893186
376268931
395339172
868946247
143452955
587742160
935811879
201941458
404159953
120604509
890882644
97448293
892941050
740709846
279038064
561089456
991295601
319182527
650927333
995711965
23807990
793610057
967944948
129288310
982803868
734653653
517229306
576273394
313076373
627776296
275711649
483733029
591956146
14707835
670053203
644556224
676590489
407777621
314190879
93198805
776310448
62033104
391905155
798500100
740625252
260702966
120917229
501123269
990582763
240683953
748317923
872317449
607936786
527289155
530899756
889967413
486663874
558944539
602613454
880420783
558386042
890258698
705646680
231047000
126459559
360847766
946707736
293182729
574350884
189824691
466618068
890224306
18386852
840560810
900038195
600870940
972260734
64677712
638488231
565669737
873411991
778112615
156708924
126005220
95602905
184369171
697549012
262114764
779101399
149534142
205565510
815498809
40365601
855534048
945948131
986859293
887920617
457699944
57651824
71832447
94146038
957679956
262966026
981985509
910673128
213391093
521175381
332239648
973126816
382006888
306072748
41406282
409190247
359121121
683157151
788583807
188930712
72611281
368352824
917338730
224522030
656638523
701853416
81377884
23653988
156912413
135152005
883051882
758615808
565347253
258784535
562589258
829901845
647835419
85668347
160468493
95363162
317749125
782764465
128465052
849651951
203677673
6637659
96250087
437935941
256623860
841401507
337287773
43639241
784507303
712172932
614579199
753960079
135075660
192827466
986237852
209143955
460062162
780431284
95200751
11385266
407185054
906354090
201362341
842252744
23080344
385885796
330904342
23990192
853043332
219521171
633926030
168227280
111999033
408685032
116710978
349564014
729072701
311911648
336079995
319389609
319980551
45221803
735781387
984440933
13550322
892636603
907111156
685659550
654923320
992396813
192864632
358543475
381840244
639261740
533758680
200330199
380111120
652250888
696484716
234242908
988191135
134885736
35060610
554526498
586296767
232186055
892759668
996576053
44088491
913719095
514873222
242956784
737530651
67868665
93501383
607264918
813420629
182130492
113332981
233486364
56711671
198819040
235432703
322922367
735477368
606197686
529759856
917259123
154209398
76114354
16953002
70096237
475868529
411900128
2398818
34124969
103495454
600892071
349891279
38506812
43145947
378812205
205252016
639978365
724505028
24682997
840820395
841975964
177257450
921168433
19563441
790036198
186255083
26052372
534396180
7136128
301848579
828701635
721644275
360172953
168913050
21733513
126024768
386879374
955125067
845119604
682921498
749299158
140149525
475224533
356708350
763151929
228225744
285309162
971505591
436328055
36663063
177052994
830566858
8500000
468273348
155286062
478713564
58050738
753546780
50614870
794351360
481263024
509182396
21824754
284405304
14472827
145989888
282888221
250645454
26205234
284070356
786217382
660753648
899450050
50558161
87969823
411794008
352571209
115880673
256249113
100193911
361166545
659863537
117963882
319829784
448542776
942834920
581591627
578479303
2042601
214837656
394550249
408725501
64039344
442567756
697484438
584476811
137002025
810360790
565587151
234070707
900962216
141031496
991114002
482518297
439739503
851601713
242375970
340372789
790661918
192340368
66272641
441280327
153612168
105813324
146695189
163244422
388361282
970738227
235418065
49932330
118484426
837455933
355978902
792695299
225355439
903511352
710179475
445144817
532456965
950371797
669571020
861174834
123529047
223835631
883529357
884108232
365266601
977351459
178650500
605480585
20087955
434478880
948470794
308030643
32605975
323635158
31943465
164369007
247887309
211761395
888625429
167675041
290322313
374663705
887998250
302375971
217113754
145157678
84120368
630007178
91872632
606901090
137794912
428684301
5725162
381376729
305415315
967538156
23778299
500105843
431237665
69778307
360593656
326422882
626922913
939179979
66053990
284040353
124779135
914748336
398027389
194963108
343653623
172809906
330557962
464628926
567970244
167535409
589887435
142402475
961809078
11152493
816329104
580190891
766628936
793444991
678877263
667564541
530765655
17962118
649623504
109394143
536435579
111676143
176061862
772316200
72664182
91444538
152409420
35283683
152765887
874605010
495115831
387568363
914779182
823763029
962892219
258174973
505564196
413331330
553979177
976522737
158423915
110339778
122501783
323200714
30183428
91969175
319055998
314403392
168102943
870554014
648537541
750141837
933880841
820265435
709308130
167259131
282399010
769561164
95388540
493904647
878763015
188483859
616805745
333516267
20910741
912596287
993285853
797247809
34893525
326186855
316894296
936311847
920966728
611675553
775390494
192061410
294749928
884947156
422051400
237661668
939470865
843975174
779662551
947525506
75818180
445830632
298760761
86699308
104561672
409462078
49901250
815433332
816321175
243189906
293694392
419052248
809740714
931629311
88001945
295718572
956842034
586517449
87341505
341629264
141179892
131799547
241939608
526043696
68295483
725867594
106814139
664057527
637310533
329292209
210980763
778284214
603793860
801278374
183524993
272278039
173630523
566367239
539760687
750570358
42913585
538375203
94347672
280103266
542538600
740081028
244022209
76160813
414232520
757006927
379694213
465617726
338755247
720812006
11528069
621702991
59228691
671365415
294561977
209350927
632012854
418714233
615268007
594992686
539915379
500559627
466484984
176590145
475675960
863143246
53896678
148783684
598103107
302901623
801599638
573896412
405976094
876345361
501778120
120499349
393766135
268440182
569967794
670696448
211760618
540535085
405226461
592101092
721167076
784890496
652379328
775517444
735475389
931889056
553298238
142863500
285288137
790521781
537423978
976043451
528294106
913834904
480283793
368612931
321837167
716062026
124283567
143091927
302171239
471828729
492377823
33269984
61529912
524645380
865646819
417823359
719061767
370877724
127601503
104080959
262178100
822309143
132791883
916952735
145649689
570959565
378865457
769939339
842781184
369775679
126655780
442198573
762412125
660341578
418606329
167533554
75675475
836372561
856688306
811580222
430262923
700770301
411906215
114084984
291263381
209904112
227001331
247553800
622603260
407257179
987499392
466900343
470979445
42495796
965242540
274019110
846340442
569132977
7051830
742803168
522171420
335661776
79790136
584441120
829337383
285491063
142951518
686809563
332128997
324379026
436401108
555690743
238079077
301097784
766240298
743103264
402034945
521397077
136287539
193455565
657226407
518076353
307245809
493920641
106618714
263466697
471010729
482187548
278880642
753874116
906991286
534801180
581798477
430148851
231296159
98129811
372640813
481589070
40754004
870343126
282933236
861799038
844051201
368405522
704594331
179771067
12978209
615107157
379942811
373913514
738019712
733702352
3264087
290083689
844575082
310082199
724614444
805234874
29082733
307485353
105645767
721245353
94029619
206310732
79539987
158833116
394793812
641769288
242650672
445812728
929656072
722426738
533750645
728600431
16056350
964382219
106169047
151035467
851542474
200421008
131661804
792736519
910541624
323451546
822008643
278085683
141512323
521531619
490263370
346042613
511631177
287811884
676021238
813810463
396120471
289018164
898426660
745125417
38709873
330992623
56291982
15611177
122913909
700704716
272157288
907456358
375925649
49398457
90181625
70456018
237647299
285615775
113931191
740972355
635236334
653634518
381556155
159344661
86143691
818363790
224403531
253488597
695990428
591597961
999713414
237340060
187388301
617556867
848353333
877156593
723925561
637659726
74399808
363535182
987541272
832425019
59780060
525783622
689311129
62376660
572112325
180973197
372873794
278134532
397176977
867990960
755657218
280047049
299064929
73468091
912218629
212741714
223604023
658929481
48785952
386479709
481328600
246212388
38049009
758388145
409839626
105678657
999869133
992204514
613274514
351883939
708678733
846585080
747074832
181943941
112124209
241214565
57797173
294215206
288171689
108247271
29686807
169978849
843019903
554625737
420765966
38224429
972152237
969142980
294989161
973271921
677506326
690486448
384690563
303992372
910044350
746293048
357364668
236051361
34596161
536047414
853073348
258666193
863227670
725883952
269419959
538199196
101147052
290218613
349498761
981752726
54195779
849425377
123108683
319296114
722333493
911120400
761853692
654489036
93236645
965134607
984439189
647072823
536231521
980949969
882827097
356787164
838363466
559997928
352114243
219073253
218489900
296293704
262194270
623855090
244766844
946421301
67228541
132240958
23627809
74481002
449532053
62406963
198461415
419877275
424774000
62745608
970928979
900515474
697970771
358670156
56899393
349408410
718978867
257932394
252065497
354197343
666331997
348483846
362323310
861656000
672899903
35514245
91659537
927916471
494301364
957333400
422719841
144396672
789461906
41405448
753594196
636683772
474033704
148264964
54946129
438144102
753885470
98886559
44800767
930060285
45240850
44349352
649072589
100027244
810468582
161685245
995892172
418226620
440029250
500703838
756452746
472592374
748075343
101935276
882833051
106670235
523161332
870341471
192838519
574657060
113713521
804965509
925121454
201504139
133278279
205444189
74376487
326447696
950775715
629355666
316639991
57187533
334162144
231913138
277009168
533746596
608802275
996708935
720527608
633753335
407778014
960462978
172119739
44085531
160311254
663921393
303632288
625394315
416349429
570030733
202171844
885012591
975613826
755981135
974687461
170282476
53491922
931999667
7274812
206881518
570185234
955596343
633376106
409888472
883998723
381461424
137969856
944301817
482020748
270359604
432173083
825721122
170507324
33490402
270786805
869511636
452683918
495498009
347358553
123186406
993388839
536470823
35607959
648786257
257400340
129412580
70248093
219453505
768566791
70868733
99790178
366129228
253307017
97517441
957020743
763244051
892134402
174631107
929604717
430765991
426780450
648860435
72385698
684705801
325618114
355034728
804193541
472872304
226127338
137080072
892384519
725107980
161256771
32010484
264184016
683314889
404459185
806353106
625035579
79264193
23574647
21142284
678122253
408057670
273006669
836111869
145787105
857601946
892779297
1614461
49415039
310753928
593033013
60051417
269874174
106929009
630908841
524086192
553572960
118518147
373914026
972753365
889917021
857228367
634442079
75799849
140459765
519373704
107061008
746083934
297543964
990639995
959747997
821713373
555616012
819168544
872957565
963677967
905288866
175753866
445050130
952512341
260161880
569808970
73242436
921985872
144621320
302591669
740475294
550743627
873860263
390658690
983990071
921128508
647772929
823293370
371207690
39651807
728983050
298613548
768240252
401605888
55725614
688649202
166349075
339533834
271041463
727360429
31418204
760783568
228666061
216289560
216945252
893921455
744360647
331262327
164713962
11395994
99127016
915000613
655503825
585269390
141882652
506135461
916303194
228068902
730294922
55091026
675379618
210517000
413138518
306257890
907124724
803587990
788537505
826345329
707993037
521244054
486734295
643291726
945255194
239053053
268143519
214257737
837432726
211127373
230785664
122128500
643918640
128415735
917023093
420746819
667798285
673671862
461285072
928850790
698834762
209371103
333811146
783308528
792886184
379159527
665369462
145731394
222791535
680234220
945203177
186212656
653521976
315592018
770251180
897935777
781064811
777916472
246435200
14017133
78256361
626685713
945717504
722348956
798557565
169104489
502133372
196364348
728920741
842917280
586232986
431422125
184899258
264730872
166332302
597035385
579410390
101315322
523421463
730044189
612271270
510304528
527957383
916441624
308545322
99733985
977845729
150992940
35634106
709526919
470891629
631050203
142303002
400427352
198737834
632074217
99131118
787632732
163356854
312404977
846667155
553660903
162054207
174037190
844655742
329925978
454732227
99302666
459733156
560799007
138331028
138831266
218255088
790394497
796098383
123699044
713961842
103062934
152844042
405178668
917841065
713251349
555233200
171359591
78794332
677878835
112589953
394662781
747228728
775830434
522362911
141401575
47872265
23075104
336678156
96120306
524656502
696367247
40164836
446030687
281916585
575229765
500073983
924656589
591577800
588175382
794735666
456393290
998626963
824526361
373784909
219520090
393239969
890372751
181744369
998496621
833330692
421301749
972327585
40953416
665006848
133348650
338103537
644771413
991841455
873882941
65293020
821572386
653383645
459456920
241300905
473216832
76005728
149421176
51105657
554323703
914414551
742947423
695201472
293593904
753485094
256787102
185848738
847794414
414075841
48560005
761772766
20462587
697327999
538973842
96050295
27972411
958630919
816058582
475210859
872280102
451991870
370945172
787595782
128241363
875721031
469217375
174575945
527387151
377204403
384544120
922640372
473619003
891311256
93246287
209377745
874055782
39626976
421696619
472984818
45944225
568760234
800359458
146254318
821107540
348680547
330670242
278610194
341629028
323794246
155309971
781222085
554904687
27810908
659809459
384305490
52786036
237783429
642197603
262354530
493378632
197201462
27305982
225884458
985975335
751460940
544564700
765337165
651535189
113440563
960268335
533581254
889881612
288398887
672261109
520431820
84639234
231243835
311996915
544696790
868203844
211398348
346060104
978976259
496384354
379559870
521040224
930925459
848767310
59876085
49658676
927263516
88819229
357874027
326765800
134359785
730206044
306394136
291926051
989948376
773316502
966858910
718529079
253243072
897226434
563636240
462632265
977367473
120327247
57276308
611807401
568991341
646906849
188740364
829031546
164387462
241554038
916674899
803091165
473073591
8680246
713003520
9998332
991332588
831032782
989365099
657738400
388730841
349074634
254490046
285483316
36001492
291008767
748302556
50510791
615181772
927734172
892167620
889927368
389545253
484850030
297139722
22022080
348385994
869163682
839045830
729388057
493527258
116536562
172520329
224072259
963983367
303760995
284320552
791942102
272160104
327882521
898468237
801962326
515221872
328194718
479134351
663432221
990676825
59106351
265979047
94133374
826440250
395021624
55911992
207389574
636848508
337592014
190186874
38047427
503426742
248732685
307735298
94525811
712232462
185936511
66894424
501455614
876939592
122363869
23219006
423544506
994389545
92333963
14103202
138978877
832866678
527112448
494583633
138307761
186698764
69798695
915435020
137415726
6294726
59952786
584740257
283191807
689624608
15549271
887438872
578898322
825003587
988511972
825694915
900203122
15184595
639899268
31897571
460394640
19437748
858062913
23249562
522515742
430205825
911345172
86375378
412462354
616981053
383210689
231853994
238100447
856564058
949903589
9427947
586701299
677113060
509663805
204331959
677680187
386433541
781574520
161890889
347432703
127057360
36326270
275128689
588282347
648817889
114985056
402653410
785532177
712528125
79857032
715896574
999251829
580824020
467900954
208401443
659627329
416208550
129985449
87916016
855023427
798318543
267334341
588058252
440731672
987702425
866689417
42772461
531370028
718959292
259041849
426827927
86861464
629702014
301460101
774340840
411159697
849654659
408841646
551015668
285305705
325402547
462907327
930032948
6771
217842061
262160678
805777814
650410175
109470227
472282079
690890425
734689742
819965950
23030910
517554042
488509557
188084762
266672831
91640865
989323097
801596823
38999348
534239842
582201255
291895149
277817794
276264886
362571366
722264127
622676588
180783392
531079028
361603612
976294675
22938746
206553225
941058361
208328450
988207850
493457410
553014288
357039248
609001700
313466076
957383695
122171220
523127372
781221833
302968873
647853305
218445269
867637012
64558002
903603255
393755399
270371372
358973127
675192752
953026962
516224643
965224045
740482252
870251670
638942336
519175108
756339171
918308123
71133142
603518295
481001254
259772576
40329235
712939355
673553981
322572886
595565131
963732231
13647216
107835699
671843169
869449391
354291616
769511991
755128482
408030104
813622221
365018815
8352842
580135278
137784170
662223871
100285136
489201618
864097371
565795454
725653437
916964289
198339044
166224964
312446641
443068496
733079662
63090975
832528044
969232274
307177782
645755771
334852749
840669626
465201424
386636662
103767466
793415797
258679156
821646767
159484771
659829637
466450035
396464523
687350908
718619970
272528963
747300829
226072547
822146056
965508850
654609631
859559674
97985667
14806369
809700142
147156976
502261274
464443605
200213023
752294131
652350228
846700006
801400184
717814341
259622613
523711938
953827992
95778717
688553886
840029191
234600884
915585207
7221696
983538740
276830346
123412574
781068839
511777379
110340515
223722186
205499526
232569274
664790565
348502561
103163353
461985637
200600506
225841853
121395539
148123064
859538832
954655122
895585818
153853395
436379906
277830690
432931004
610365125
61756701
127919932
147883755
21095622
312202755
927061835
162355965
226537546
377202429
147196164
643595467
179623952
834705357
914830192
848876565
100296557
992660368
455943734
313876033
801612963
884630519
784508046
482239209
896708474
439225053
620982615
62230386
992800398
551911853
187573793
808335210
980050105
27252704
58601285
491494975
541247677
861954778
121870231
677063323
89926201
590951793
51196425
6923979
549723312
532317090
130822060
86011127
563018798
617532392
443608803
719781491
650871887
294493940
575469886
689907847
318587042
580177958
664235024
767737824
392163762
372959358
632226094
728212098
889647905
568618852
890730076
399905911
168824729
736947954
598592536
429366775
196116309
929197308
920067
680473324
164184210
847978714
414806859
721981969
415858380
36001092
898036080
216128863
258087614
114188526
571701506
65686444
705673672
94295367
670137991
733009360
412323439
647764978
984297485
925024668
347808193
32456358
431997997
813096010
780572357
695279271
92315055
418462814
907779402
469004475
261142745
69852118
921133798
956924249
124213718
43232275
136191406
327308602
709523544
490233121
3008864
104614682
966075190
960840550
999480133
416633005
475209629
411870414
611853676
139132461
803994897
59432944
920775478
805407112
907361927
122361541
539631662
685031275
343250509
664227521
806961869
911889306
966948647
839147487
458469260
678882614
503724297
970694462
154176773
982475758
287623604
187127801
46997396
249299136
979411622
771220525
53780621
564591023
149731159
771542612
294365377
456897186
919814527
307055539
195633781
881140710
861695874
224951153
372082748
411330654
224639833
874387622
710473439
915902211
882370256
756303392
742478982
771475056
829450777
955881152
505551580
741155650
133169291
569252713
863854343
656900304
493251621
262106506
977169471
987589388
955520924
538324321
851172417
554041858
75691127
284014548
943838456
138192271
188001183
591871192
741336587
95182949
482430762
709762021
183764384
584857586
440357920
143955372
542100649
179065029
876777493
570556737
111497802
18002735
161048424
450468438
811779460
606258324
170248273
206647184
152979886
571404664
495152774
628363971
635211165
680346859
321964760
351681161
500019734
50559152
706000392
697531307
753948803
439258922
673424471
338987129
98255513
419218612
265959238
17214592
406937771
516669350
978505015
8072742
514712170
933675157
966146974
874616667
41088677
276863920
836172702
959836016
200110167
304611001
945463838
953804196
303384283
566994925
11247971
939844077
12679392
376290504
40338002
719563273
608570946
105802569
510502320
196746428
854256768
564946268
302243949
677210807
983022090
87685752
162660415
773275424
225539109
121910716
73230530
513271277
999863140
488100119
373637754
90435397
609828740
48255025
887100164
976655022
933664619
318232444
451577386
272212732
154258669
192759322
713078211
137085468
621126582
482066924
249451982
81659171
775488381
640557493
452321954
28995966
235104590
838521425
705188430
215095978
955048617
61404618
160123531
395510971
839911327
214165283
602656445
725990193
195056018
759973246
393045661
249265859
592846233
688197288
964858235
745758792
103767296
773100920
501964700
268074065
599673315
578629952
690721068
430660048
656974780
209740610
460018460
676162276
821196381
449652622
586591341
623125621
117697612
968324574
84650757
406732503
603901236
748449272
464266556
456693220
776276406
711711540
599301945
370098427
227896263
635257071
546900999
213068688
318124554
388201186
455033440
743091100
589142588
270692577
319713466
242168311
667275692
667137472
415220083
711024080
915745873
466625452
951282480
645148661
269239933
98972834
799015077
763653937
285956180
295442024
209129130
88647506
703415053
267279583
671637828
837813194
24592871
140117393
228545132
110552232
469323181
44583659
688223320
282144937
601018548
555901930
612453846
900206491
49401535
717921880
885423915
855845574
175662389
495004263
136572399
114128103
638458637
870306360
923123973
99504868
193241785
681815773
564813454
930589292
421764687
545956178
685425428
315479914
11034751
310105413
399923014
120442368
61930410
893766483
113315915
362520215
531521544
817918094
106123308
34471046
941187952
765189783
952186279
972561434
109274736
669442359
694389068
274223220
2774168
421975358
182333422
435183795
253879805
52512836
900689784
491063049
888330999
293102981
592868758
515210567
794902362
157891565
520964030
827205308
678562869
630970248
7241846
710970006
506905180
608739952
79645464
825072190
256721726
822728918
800277736
806463476
313888731
234988225
977542631
956615588
422754165
399677691
299312952
374103171
16962870
182661651
978976320
682560144
905018921
343761258
399635436
74679793
230915562
119887865
773284553
911780748
976572084
351984881
242064128
458159470
164717835
38716645
296699220
123006207
13166812
35855318
901132198
802181308
955957140
903963811
401827211
818351708
635405616
44503177
32575595
283721874
38049812
114522774
748900282
386011785
151089980
759676887
155211926
520365369
325694279
813363269
890763761
998575309
149327319
560460692
710874107
300730932
815270443
434157438
219701655
180721262
372526654
419205442
131512682
232152213
455249567
285322014
281015344
939860592
253850636
952119450
361421517
564128881
485389868
765688958
112010576
815554271
848691581
92063899
515846368
249279418
523172911
55567017
150318088
703923752
98843757
422840028
179266126
18153450
532397249
888799524
416667601
459690133
982054720
64441216
122582669
752343555
929420064
546445925
905085973
275745576
522868291
320618354
513797943
251158191
406982649
767753721
11317194
6255382
866207232
755210676
222907359
239757347
392291578
266400889
44252282
280931671
56899171
996755830
333437441
833803785
578543504
254307210
871160614
559645915
782407172
174890468
442132011
640650186
384050705
722609705
29464245
249523342
562911603
431209941
472656225
297094136
870233835
866422492
356616267
717992796
659738624
549027098
263278225
291125676
307760264
234649230
431878798
263411518
673380710
939377975
296001181
647879233
411805347
173077083
426635759
652579640
507503379
127075767
375450929
359986543
72687614
799862298
340679582
293084569
847422595
13010301
153666987
183653984
239293752
679705317
406372490
147487859
569924161
724352948
693387039
482757405
556315375
892073670
448703049
988019568
702970035
614866099
735092827
279284329
303523996
435015789
176299235
608872028
69879132
146798418
910336155
117533434
889153322
488643332
866818924
33249832
764484409
65465606
316701930
84374227
19691564
849781710
980290821
682292491
129427082
639996668
914820231
975650733
728021987
139432856
929528915
31085549
854280200
22481471
750546364
964757450
395156290
907886552
102340485
993447215
136374222
597166223
52150142
588079706
447657099
925531410
622441839
688926808
997482265
550379149
241356212
286601868
563933170
916456503
666064283
211639508
896170493
421430663
81082597
424012677
453992068
245277697
936624665
644201050
377845235
104607223
498157300
380416152
246068718
89882253
966198733
425073471
54363485
446928333
956479472
442076820
478022656
327002161
317814652
390821748
523555839
224208806
139371140
117845058
518415165
381693832
485199267
403571801
729688680
94589412
122550552
75845955
172185587
159830928
626845914
44605081
381313519
439337962
19457501
72554286
317318439
700915570
193961464
906107102
315544177
697279871
230597244
127247459
135018461
850466738
68756872
139353229
81144260
686548457
642946988
298175324
357532332
141275942
23807074
816589349
220726902
412921247
999280188
2796569
310076260
82630393
889933527
666706394
941914522
991069707
728609016
509841857
941346569
711420816
450645819
694595252
547583574
190686532
948639517
934183535
116532555
152259492
962612950
11796694
922163974
434410495
171069986
186727231
587137507
929996529
876316791
9505711
672437524
800183743
445409021
830593049
703244769
740795809
345543770
537460247
980034329
797229349
881059601
23737265
206014705
783877683
937488959
852249410
82340273
667926477
106919936
233260716
527053948
855237920
802505711
830956766
86287544
119298339
125762699
142600826
865178992
721942020
57889676
471006435
329456439
629820837
298633898
591799112
709977637
681700223
395511603
884345607
186937950
216027931
587339685
324573823
105613815
413960623
391518216
610627394
5976199
96088105
510274681
813237523
950232736
947515775
670499023
879879901
913963123
779867468
119976280
588320748
982855836
864950502
125902279
144609259
126921901
91725028
667656849
108321044
690173894
737716823
407487273
250030545
617923052
76803352
632645772
248833037
142391372
164691780
787383886
55236604
590074021
903332090
231771726
855530338
246383232
361254313
725448960
60914063
941043623
407930330
4336335
106742821
850201675
978609294
146615056
138671718
58873202
624858095
884014349
386413823
845866739
659280986
559518183
393449250
70027174
666852126
407382372
765253406
980797993
254918499
279342821
335562021
414515738
879557513
714469091
4292871
530617311
912474830
54311334
407059542
641861936
800276596
857046006
930837339
656341242
157988058
491637076
174567777
795734815
720621148
825693247
737598865
57341690
394724009
962516423
573376959
276676225
89890545
125383560
567779046
854062252
441451741
298451771
501234725
831295731
233139935
482642450
7411841
669202135
87198245
14423192
337381171
463822397
913340171
44597515
810815437
241850439
781248916
21492792
371832935
383155422
632786410
534020362
535602821
493914351
458014070
322002254
655565138
698936868
15040274
518516056
116165758
220171203
490919322
8485174
891352313
865131835
57105619
997775830
830263503
346678558
134681244
573513252
889073972
453897239
351444107
