234077965
115738504
170136637
850256421
636769573
54048322
222215637
542702912
43798145
168343441
364786714
403989986
724614379
554120696
788065947
920217309
321150171
918738582
68014300
974842009
340354208
720733606
57559731
171487887
860102442
609947445
346895731
220049243
470150751
65983947
384270615
8075689
60545393
79528626
523829266
23328884
464297578
443646166
423560694
384331110
415303922
237165382
56167300
546967528
7983171
29279888
855252511
790961610
835925410
984330883
965616769
407297510
693562417
177653441
495051926
129349415
372929455
49767012
947407189
116379626
801116502
24281744
248020053
837984709
185214114
839225543
829821496
233909393
30439552
911499184
633139866
524842938
176611503
121561910
935380807
355672808
787541468
470318899
179375654
708157318
861547241
565476811
955463006
595489264
214678553
167134218
716123261
282488865
70043896
992672382
616025153
600521042
140135663
626288976
223465146
951960314
777856040
267213212
167053137
571846497
103926505
473034360
487993139
694878126
345372141
839299072
20880349
28420342
637722026
630502740
156291638
719587597
643247230
129362046
43758851
787322759
675122245
916352435
346377236
190999158
888732638
155311657
363699881
309017416
405153323
918321774
86624343
64046227
282403405
141093963
709203615
164879003
531703759
708337265
970325536
550913976
645105097
90366945
965085411
991085745
732291461
567693783
131697667
208944755
839162442
868758440
21172158
24124164
24689502
726899679
30891181
107434645
363870526
330988170
6722816
53989134
522630145
247643342
332412836
154106681
230743256
871164014
817451846
706391540
355501689
76506479
668815069
701567109
160379216
686352139
362201281
555046861
947532853
422466346
437832918
52917700
109454765
556311465
662599169
733675390
99677876
771068364
353379373
951954029
711512641
900474670
353801394
143019831
267056636
122754365
418991627
75700099
73372612
27513954
261577406
229768682
927046737
762122649
107943706
197283570
402425792
523722819
268451977
864221868
511034818
336609506
120809005
461895016
161555643
20225892
341463094
901077126
415223230
555624199
291460232
975594113
26057533
608505633
32120507
918555815
793208469
471810068
458503798
139151429
1870350
246347983
885547691
255396269
27460444
127478534
357023977
575656613
650042547
28755037
304676790
510360448
170271352
673287454
290022893
195588917
692067573
139122405
32283025
117528089
292975822
3409320
948147241
927579402
305474645
17537101
264865633
80906538
225556212
70684614
545879803
525176226
636238872
939345565
979006126
32444599
11028867
866749621
945053234
672320101
910141532
126842867
851772677
677838930
962798128
817308442
463068752
2706276
120110975
182500495
741972876
390519292
220934190
337730805
115216719
152272334
120664091
607983633
338291015
529900964
635206348
762108870
181366566
94813744
362576108
103081731
9962032
571231274
856140599
828898947
654152764
325396376
419649562
189806092
642562168
471727993
103437943
941262953
383449570
58573575
10595184
106535175
209825111
564821179
1829769
711938772
499725837
677590413
344096181
95768203
660839157
757706226
716857328
249261131
473394366
701853356
787840277
434951830
406750804
722792
607547467
715417792
267780348
700148942
68847193
97829967
793185181
130331601
955765419
503309520
349308914
592585136
908921831
274534492
686780118
870239160
785206153
480082214
761516651
158628363
55163907
628959079
419452373
57709515
77163078
440674918
158578031
842736831
571825577
640293528
677745131
781395632
60469942
839579183
545306411
326514854
435656791
982710579
122134698
124282820
645827939
554187994
698712645
348927034
475505552
237704398
75060237
752615492
810928697
877271199
389902212
221745229
778443294
130829299
419513299
6863107
758794984
50122279
867823657
11584019
134872746
146931489
389289352
268376923
610755684
554728238
673107887
405246736
508405099
889682158
100098682
538095407
458789668
97933608
459973688
502480245
36833860
838360623
853377470
15021760
526389553
42220958
325275799
718869795
642098325
103600828
251415904
143670032
501327099
988462064
723743642
508136443
336595306
936981980
484321838
146486552
279290391
98166728
523815959
392657143
873662851
88403643
522842608
81298116
513871204
590895305
113568180
982796245
569215663
126215270
536942265
534579591
352127827
701041546
694167132
399239666
501842296
992952163
92946908
455194754
299750930
532417162
995787318
140123044
602575879
374398488
739657108
281778510
982859591
825807257
603518636
447729227
315906074
783052907
345553413
871176868
468048016
107292555
633126942
688624473
473886595
724802548
736663600
149391434
156072079
784349612
380225897
513607066
242386892
128293864
59900543
209112336
410063304
823678163
189827161
551598174
8505084
662621530
656067909
380616154
285584713
482451146
516927935
530037669
604570463
841837072
549304484
25012691
600296341
620019589
692512675
313250327
390760227
169868365
56785595
8285969
79042219
328026709
165800117
76564342
450724598
334781652
115085429
111072831
206118394
680051715
406840293
892136404
559454030
710408624
904697443
665276190
122979109
225639374
103196890
10819634
981515904
152221396
308517471
865493793
550938825
923323288
488770448
212875657
74127217
812895864
917119301
718641676
448803282
142140095
964317991
486337402
28322358
583635272
700370020
147316437
219305916
426860648
330455087
586173813
751073204
769444591
650067607
919519273
748974697
694478917
6103841
870380709
547484616
918216436
198793874
971516232
107941325
880223995
239931592
121259185
269298081
745020188
380442439
53885900
85528809
942209996
58172413
672238852
51936285
886328410
449129088
638392768
184537582
500535801
24428217
69576543
379717453
953320510
238124266
314156497
341072831
136474748
923409327
850769111
622821004
516475014
44318782
559589604
809462378
887334506
759025873
81702933
263771231
839709827
532465732
140983221
711401501
605743269
314552143
5005401
552801644
987740690
821579294
89570333
889427153
306402940
652610466
230893828
585952852
326215684
228366681
881303513
131151697
733242952
956576705
732306435
109024092
597379080
71391299
880465847
32870035
925362382
829194586
196765477
112710705
673114306
345530521
727767743
849720592
144181197
523998267
183467607
741736600
424219038
362096837
476821542
238961667
129226711
409237791
188679844
486750551
208466068
624723461
10113858
602958669
281996835
440809971
72832868
475988590
496418236
712979182
510731890
971707742
434363644
695233961
938195569
317940005
496708558
219087441
179313366
29267766
566612578
473259994
981156411
837766146
713657090
114465590
470556511
116672775
712668390
70621492
644526744
61762933
652525027
952540338
630300266
968398510
886992451
72538583
895763127
152849937
51210526
582832665
40202295
530806415
242730520
848203661
5235753
65193731
8376870
497436775
943464138
419285299
448976182
478530176
17241214
546899359
646900140
483541585
683918521
159568848
828728241
47786877
81983869
202970919
684520619
912213886
86969462
284992814
285746149
906258600
43271672
947886142
228604629
336406979
381405632
595792269
68146649
634559224
927208552
645123335
16417710
650579281
387651394
241759128
611684854
208744704
640842291
308931521
933669086
480314558
423224618
21437480
463211400
920162658
52796308
652103130
55733020
11638951
309465675
7101663
341188595
67492227
552353884
752700952
577797965
566057633
721545093
692844681
742908684
566684288
968851271
140132980
707092208
262415295
186375965
415778090
953083326
948229047
688004270
638855464
453420625
703978890
703595630
604887794
507964436
356567403
838825695
669283996
341693604
535260759
888524546
264900895
143441388
51857030
989623736
290956055
200509355
757636676
622777578
365381875
437604320
849993499
452083335
3091720
116186756
832124899
333059680
165038689
175770557
540007405
120050933
650199319
47466689
486610153
460716706
836038912
881583251
83259432
413910355
374061985
414965573
464796883
937205616
276848474
530126079
311940531
153096843
268671290
855121890
641763227
435549658
827427419
92045388
802405619
920327515
483515447
1596105
245883199
914321854
927005002
255238707
299920820
24285157
235787938
69194512
615959262
314917216
343718131
692169950
842305507
89697450
284024177
866352770
808182477
600015755
588067663
744620194
290879101
261027334
80913648
670636284
259717816
929559003
782902631
246489254
73406325
252904313
558034958
68633104
222739287
552543173
715488928
705117684
714171469
241552556
792375339
201676166
138314419
453856054
753268834
172833315
540724254
686125892
723849410
867382780
846309900
18137673
253876167
570189843
459447734
839707880
720854401
701249985
404870110
117196320
388786042
527275738
481815857
64192937
481378774
969349163
500467564
541354920
208623039
83684203
882174172
362094541
120472540
180465826
681807331
18184970
83390184
739105294
627715480
309107900
905079835
956462196
408672353
481277293
916643481
633498470
607680100
998225329
275562577
799856582
801602422
350852419
643788772
605334310
155594799
203838884
758372934
720544148
895037183
436923730
87135967
61497934
115892870
625171404
798264049
454036775
362852045
492576091
947523043
766205116
136794868
53389246
836235661
867674793
289325157
81671814
107426647
159945398
64198167
520986913
653125895
287357939
284660568
32225421
294411832
906464194
3775592
104860095
383182737
208171360
979713589
600735533
380265595
127905931
316993983
243804580
940453824
846635582
37757109
95388029
236816401
344304215
332124945
68107808
344502633
73965404
361881924
94573999
525479078
651226145
330865708
454205684
767796527
695619059
601480968
641804523
937502225
854742706
28913534
40201141
100411444
26325491
82818702
555668246
858077831
833678138
215032666
245391095
396295924
181822024
534781710
567242314
381074253
8072708
669219455
135509700
856682217
906759156
141277392
737526907
840481438
276822597
877927007
27439039
