822319673
48169503
869953597
421956160
629142711
813692426
933201399
819435168
377438266
187182919
592683176
747060005
118002265
303924384
935882750
792891650
123050527
504391946
790738882
721389205
371819158
202268001
850880481
304664818
256160304
329157056
499990576
43806635
57944148
968225309
128678803
941290844
847253836
541835635
234365954
347974556
594651903
229170176
130281331
868653663
605206967
646484846
602364970
396452695
607429405
284520494
416937543
34914468
660780796
93185103
944916038
823528294
127844326
509777035
736319437
189254534
113924177
793036282
712256616
212373203
793480055
22697123
674019713
104780783
266951234
953192308
860579375
98393198
64739489
253277596
442674591
151627338
581185640
296657975
361047048
131956178
23561364
80564841
240629080
144683884
755512208
809393705
191087219
121098847
631281495
1323868
780462753
394528180
124701048
496344246
635569768
469349490
903537317
162511410
354612530
932741554
578011351
434160250
116531133
904900163
892513546
7450338
959104723
436300407
607919039
631248796
726783629
392849845
39084974
177479552
30724548
961441387
802191793
3860169
37303236
974470223
714774
271059191
31649206
84484308
253613840
97345233
122948780
555980523
544210442
592770860
682956224
948875721
234732874
799030674
518013619
313407852
741275894
379245173
285239287
53934431
619041506
997102526
191507775
469711069
51531909
235026194
878881595
668329812
661246712
252338500
307876719
759070404
809286733
955471986
139819855
175815951
878512865
768600678
412591457
122974648
8210987
828167493
245102042
252221340
392689871
764228170
915978885
389278316
989493526
385322372
755224159
754948560
97134577
910259923
44085612
515965772
701307733
946335074
766728781
26181784
720592477
982511345
760001594
124934931
542096595
531436585
319918608
87493004
574437398
284056947
35015107
559017725
280227794
716335447
88903211
421222755
807318169
79692597
157814398
58060179
383783155
422204388
473239537
785881910
449570807
60718078
58719068
106014311
437128810
704790486
239295121
268634393
303872728
107571379
384203052
333780275
830947229
242612326
564132676
19247990
949926625
774909585
384021682
772423668
197554372
736669665
168888065
780174859
527801625
191013816
509484062
558118865
837110415
28038848
562497580
509667521
23545878
750679091
625642334
37629656
675805463
123732233
656858191
898846380
805349251
454775196
470053076
35431157
798996361
867693679
431013956
40174362
290423521
427221508
87662242
9993357
887959446
69388354
302850158
96392539
11101671
322899685
114969579
411103637
468167146
159375455
256683538
125478780
971702921
117452615
471827724
477871272
618225770
127015134
929699660
920358745
69804301
178276371
68194807
671554910
111685619
839949356
375564357
70306909
3679059
26908093
26248639
340629941
487512389
684901514
366388200
211204697
226574824
692833750
464931672
511799453
815270805
716865559
578957293
865516833
134706871
359805695
253660332
622927922
449845759
882918486
60956899
867397903
704945463
304001862
406470993
644421507
71566813
555435857
25326572
82203394
814854091
290490031
778510596
276929963
519148596
682636950
937806834
44866691
340108872
595295150
670335577
662573799
173286239
407299551
871021321
75202630
459281591
749922226
149798103
276095229
260269679
307509273
864590998
865894187
867419833
162307305
171342812
719648057
640044381
432735569
656505736
186527256
778617250
831470814
674847987
436206531
791203586
861199126
963116413
179461651
59980850
675744086
875748641
449139221
83209027
550829021
137629756
927939909
783866269
483592416
328573108
949607092
770612311
418462417
388595021
346948077
275218784
531665008
894341478
12201593
754930614
26868877
611642274
267296087
202903281
381261086
28153234
910560985
44231299
985886282
500861507
627170485
377239581
794536728
194344786
698176036
622871491
951311327
858368149
938304312
531727854
595964301
435913270
546604725
311941803
801641971
650538793
862802402
532465307
194488398
170315115
857276106
483513928
634462087
630909035
21262238
974655083
351547481
694728130
591968553
299008035
758192876
493013637
688126088
512105918
807412108
174038310
688105736
776208849
34320604
499307518
123711326
684816001
478134209
991180201
259968942
576287884
965294505
356621688
328291686
385061595
547809204
512840940
608559094
489121599
123066897
325928495
440544604
752916510
113403333
736159282
692730151
472226288
105084955
290272316
911987696
816202357
56972545
687354821
785162265
404548529
360350331
934970650
820238951
218094021
152700798
17778535
573515586
446978874
741182190
514487784
570291241
647097995
555551581
37336059
114286021
330373291
775012665
517858094
47910490
579745454
262169654
888325493
147275013
899648059
142348057
46210434
259099730
498384372
146901925
274792027
456188387
238085712
348431482
801277192
618855949
838148069
652805470
1799268
707601286
619171008
495342712
593265269
610153787
691859532
550373951
462805775
420645161
805562912
343767825
202630288
133802786
997271835
524997922
345001219
792516056
851267539
268156722
524180333
217395551
920832674
227793755
844371622
102497164
653278570
746605962
821658116
257916820
629501982
445585754
934254753
615174494
931261358
426455657
608975035
935383962
485371035
470957668
970199717
859943360
671076149
677928540
4060635
764314211
844786198
617535968
297896586
814008357
605485818
509370720
459456814
13576542
29799271
151429132
919202654
171343266
57437684
599998602
768347326
335932328
732512542
328061411
573385013
469045859
180769367
971791770
196065095
421258638
129977846
249669061
900831236
292284975
578767101
673476660
949201335
53676493
430054746
475248418
826905920
423797824
477916771
38671005
573227512
900004277
877786618
271153995
449411349
158731602
998399095
427608473
650199528
479082623
415423740
375830345
959283954
39380987
79691640
86890166
461423517
265150305
339321276
262412923
441061074
395521471
959521013
271099373
780564977
289925244
239874510
374322467
139302676
185268972
831034445
871930225
488099196
3257549
992110675
581685889
817116419
342784739
854348626
101921605
48193664
408183819
89092994
591821443
740673806
611409081
723314696
446056874
473770363
318381717
554210340
714407151
431463129
725605883
184022420
144037868
232125561
780449715
105861179
672288788
936656251
136911235
673451566
362513513
891701549
956107793
687303489
100166705
802315408
686785261
705004153
967740451
419910731
145470697
123970071
612660274
136528028
77639566
250942857
376937288
964728070
331681066
824932151
304902679
749363843
999453269
318765308
420950856
640858994
520965684
56944321
725349727
93055264
433858926
377571282
86692257
519691062
800503445
165607125
406997080
221577172
372185001
78084889
883916874
947753955
846034862
353639610
374272667
13589564
709832127
484291388
610727582
516293241
641220837
535296816
466131373
871484018
814509529
561545347
763195317
426956145
739602255
47394385
675889625
936802705
310238888
976366453
136973306
935251788
345824507
888859940
564990562
307209759
885748227
37874542
723039214
142269130
322204072
675126562
183711080
499460651
616720208
236708613
725547141
917496127
453838139
225410218
200577042
34714084
881959446
640089198
162806428
157616617
53520717
602304072
594206550
646408863
962091432
690136648
395808883
437538645
802699347
80418871
837193260
675628009
892088846
985821791
301151449
772467680
839911858
24182131
220690690
675434346
607093775
316024790
788031917
664532025
329824407
933937610
300351777
949430719
284776015
524745090
539342234
749640522
97018765
949980977
46130488
587652337
505714184
15489742
231817080
13465620
961453032
118494510
342747182
95916034
486206640
10998228
197987654
623171735
753436224
609230209
687693607
19957293
37386969
463537667
316465290
390479673
141888683
121181809
139821187
805002087
766313451
43443418
184376254
889380102
8712453
970420371
416448546
138763553
447236267
140115548
350552913
467449457
316740825
37884567
16040414
311242875
359281225
11561839
56981428
301158271
43864279
170317980
965182946
41013762
6644090
553060
507471223
890724489
424296323
107328771
174707533
21727992
392575558
187445006
41233714
908447541
270937289
921812010
816106139
827698808
588437645
261383546
575907565
459526701
871139851
234820229
263379756
53180104
211102333
897303592
769853066
19521007
474620202
252839229
317890369
835749973
879606315
748538686
333724828
984246745
399456085
45025663
155845457
219042049
81209225
534920202
395732833
334246012
714050683
851583083
203841690
253659816
366269444
365435293
219235987
703382200
132689393
695374672
12791195
435567224
996563247
648304052
480479600
612452624
14206569
278075943
95574186
176327289
683051665
942181965
364783274
600870615
642016853
149323641
208449534
771368776
495758574
272093342
157078479
610764446
571321131
768035393
797455980
662847807
233520324
170128652
611929663
252828834
635133365
812802442
56588710
669344208
909974051
427790779
11868258
195069496
263795447
533302975
565921132
447446978
23568072
176195896
919365918
140411033
288161011
844922682
675927232
38602270
75709578
84546336
669951608
559422213
460125106
470486851
100949304
478612426
265701945
304552934
51473135
187293950
642455576
66690334
788699905
574090778
639900809
373060501
796160331
606797036
135339950
812005308
382550873
302034476
36690840
654498127
217441908
220389502
442523716
889974513
861333259
489546006
818020677
970713098
922066790
919099163
499914337
51055596
868948923
919427796
527583252
170532489
581552227
852873882
803448618
61729688
613879005
50481065
417825979
151126435
337215556
313870648
262370707
614719259
632304955
23958322
977666010
966365040
60750743
995798530
91029330
528066147
207384170
516660126
111257665
525441263
603363700
729853185
166553472
568619041
307650296
265405355
512071682
887171819
860149901
513490218
724672542
350592794
62084022
217457930
202244214
854610092
284034035
244556372
872366416
