302932053
744470995
845396883
961358819
275267296
10898912
208332673
27950837
841469202
393953494
196749668
391123316
154275250
839655991
97982416
823142336
21587157
994549069
104815354
478461446
900266418
502103305
300019151
622964302
92704780
619540361
365970652
195020411
873568542
959103702
130008956
322964252
854885534
100760533
959088260
138795181
114775285
5054370
194911610
394032460
725966675
58298698
716879200
639966301
63489278
372338314
542054578
977125991
105441363
67547085
220998843
194449266
713752739
70593181
169732082
732729142
614941030
773271034
964498682
165742905
298291150
4014238
76622766
30753929
974422366
786330952
439812012
749783092
825369870
161793319
322647973
152048481
729142266
355667818
673523691
673766837
697241150
697138209
857164586
363703548
388949186
483324670
223551118
198325492
42971923
968864007
126668258
458659751
576394564
152797276
438820392
676947585
113328019
425196871
77546995
790440859
325651292
410827376
65373453
113292588
63019692
408458829
739360438
18325534
318125743
197795688
127591798
63480006
154934289
831799970
585147966
308923690
363708102
75062507
618521192
791564386
193507484
146646646
570198090
309449988
262382628
370254704
588021421
176145103
383709351
21238318
275206475
920103145
521012190
445241667
594261897
625734331
553923693
472266485
34279216
933274412
495286408
7300660
185545438
505678422
66427272
514280283
101529274
259919520
781471623
216612099
525428671
147351679
757910423
574461501
260474061
28268756
220627348
214597287
537815169
424120086
103849826
300689558
880334244
356166213
916705665
896431621
280933821
519769024
955167367
153935288
387949203
3742818
274623881
667319715
78863277
322240904
854382162
456536712
917653341
383828588
23722055
58109744
89034204
127592969
761733159
82905262
73641980
428887660
420096137
712758467
187210759
209979516
571187593
190580828
100099277
57564384
899166261
206872321
101700194
296153374
779073879
306929920
952426370
254411710
854278042
873683531
330954179
680264717
443378176
998155017
573912717
155028139
422680581
365056479
312166267
877916831
77174757
942839253
64943364
619795254
5446548
9123087
475689277
238981314
716792611
690267566
18985206
367012632
746997122
413814554
301461260
756966523
860994230
91268516
493135202
610507799
435728125
505605819
566478100
980258685
868862812
114235834
72972581
56603836
382942125
388588463
256341115
85100496
107025275
28096603
838899569
243732755
192282650
909106576
55260469
47432782
673678791
101757332
103326231
531663894
897447927
713286479
61962902
3618837
271271910
212878050
224851543
407459736
949153331
655302769
599953795
198282117
302903697
239065833
778749318
644751363
375381183
257927478
743537810
311471716
51841935
303794664
732812260
319169534
510188229
310718116
456788436
397904983
371529586
913195716
34633859
980648634
145584710
485603277
130160652
938745024
777463003
881460144
178537402
597244447
458724946
32578945
99842739
276617421
149437992
956494000
101441697
887092793
14863489
644075556
108315535
233190583
247857266
637108721
828087180
114020934
687523665
314006432
495238728
56400717
328423317
453114932
636380787
622087254
332006123
95517278
28301459
737529831
775773573
719534318
169465904
155788743
975432982
114034084
610110111
447808243
891339348
776904088
508392945
32303588
979325614
694240174
834568880
811432932
558438251
5876315
689019614
876835585
145663893
99785244
983624765
741260235
480639817
415984922
99163428
730539943
528267785
599822311
562129804
768527467
448249497
277885573
59095220
339482590
749999719
978970863
100690429
38285007
533349875
124028717
241889385
465414547
137755649
358725583
692082913
772228176
79947262
27457517
902515087
38665867
248917947
702451431
339877507
914390619
975984824
35776037
258319715
542924162
242394200
266397603
253905025
381843547
439570967
290360551
85958563
255293069
258025009
581991052
450747482
384611591
579167571
875427650
801728190
913223744
12240952
350871156
3117773
149264403
343589694
842185269
157078378
449790700
98975932
377962483
719967911
481647963
603001145
72545186
410404547
365855169
379926919
736671715
235245946
815095848
68756388
182548165
592169165
103274477
220611087
760981016
13167623
123179363
277081189
571148513
284729864
602263655
46632411
916157632
354204978
350932473
910521895
396713480
116714640
890119231
378510035
46956313
789542897
820011070
70268784
56667173
532155577
636598942
238365775
977003859
846700576
128622574
630155953
21858359
593350539
851665988
159595527
789749280
74738557
391042208
296119368
632153619
461031301
721183062
642569258
478038270
226526430
929792710
947796642
862093309
998317483
653334316
324433341
817193078
820856203
402019096
244770364
966469909
488150864
592412173
112435301
664239110
746324949
245713966
276771279
94581367
227171184
414287038
617584032
842188888
547849184
848271283
357360480
728696566
2575131
602334053
54950894
179228564
619297390
863148123
878129339
383828048
685022707
58906150
549931032
801521168
62596853
631030275
837473289
214549842
171697485
992720814
93676758
473185052
568241215
626325013
940758533
587250365
708786035
741452062
524649014
944634101
952692437
982923654
28205286
253649824
419086182
212426281
243243686
897169388
765117477
266076941
465728641
357276568
750407869
772195012
108734873
9236977
65640590
848075744
671378567
630732560
703873258
338050540
449281343
28580903
767552112
101961876
550191287
422936680
765728455
179393408
478160694
231113217
489230772
719783594
520255470
76001481
68688665
443439868
874267083
466208700
253252501
707675733
949650664
151190348
63552137
353902553
795064400
797346545
586759206
182388179
596409484
339289549
900862407
334923548
70986593
875741053
25319619
207808492
708573984
622728988
106869281
513463536
137823712
3125050
247472406
821773009
65582087
532934343
551536750
223913765
847751132
423524293
817551849
377296873
53661871
812294985
397053631
756588665
41345173
428876503
11566127
481122393
583922282
50044008
566016470
44357935
789469850
282271653
315808948
997277017
544061685
356078826
419427996
858524797
182563324
894426106
405456806
768216066
707210683
273901004
833076659
498176849
380723559
943829845
290944191
586912823
297612116
413468443
396089830
693647029
256837800
144189777
839521671
292977134
103088281
623058128
136587770
278527279
273760147
147765199
979715923
26797795
738902893
134258287
11135339
314840476
547967977
929948550
107469824
480147946
180585975
627613106
372629595
292661134
484591166
268762253
647811513
521462993
752659298
519728923
701442521
199813262
305400188
900565395
38491869
849832897
108027576
529682625
57756696
482878546
46030675
41256204
353906473
739526402
933346639
195146095
499922826
528150267
805270158
147493125
342890880
204008796
105496678
141061455
739629460
125826797
889204033
38536944
988623665
145233964
234779218
663947577
931991096
59669551
868090132
878546987
235809534
556199533
443166893
856850804
592472055
938440078
867550884
666952207
673627305
607801240
232632166
975530668
101631781
461835333
817618225
43517787
857574528
655783590
906834120
857764842
553183922
65688341
242427231
176772149
29565276
362708242
858073711
858969796
30787817
123447628
318529211
69061250
224863708
938825552
324591265
63705522
53517471
440943804
484072416
422808359
650496566
636211759
528226965
646024880
707876175
802981235
801278320
770476845
490170369
900958979
44835099
174124902
843476010
103879447
709520649
26037250
58588333
858359938
363573719
914121812
775694649
194087528
54567151
770644114
860377593
60130506
593554909
507127209
655115713
835655508
571217383
607619194
718714475
7539284
645897228
886040743
446975627
378088169
902208363
513203991
970198822
709996421
694345116
201746060
624318841
413266229
405525489
717458285
280811742
681589722
206343352
346749860
895426954
83265971
708947495
941406848
843233401
520027427
672101736
56084604
491092791
626657129
755654627
480352449
685658705
811519757
964602125
60765009
146517095
947443610
19002856
463034804
460756370
573627468
923034421
221210042
392670095
996309798
928633420
988848686
463659895
432762667
900660131
302991293
405419801
190781670
794760481
668514189
566995863
191830237
707929495
314098512
119916734
816946291
692374731
37786922
658691505
877950945
50281711
400691666
861670332
565163603
852963599
174568948
836558366
96184844
131273677
741495842
78800766
141805543
415411213
560585617
908266101
227347874
709623795
710955995
286461811
851435619
725835364
795665366
958799241
620504228
239497405
458026914
566966091
204266530
894564099
607308609
961519701
51133464
806433998
421285192
362517358
861073094
367894558
46207827
199327621
637449483
954885085
146211921
370094462
871210474
450774874
982806318
911660013
623730063
386896137
325031009
613268607
285454768
906543534
547903555
804431113
513172116
206907800
258239572
142512203
706538232
731877689
448194752
268510884
17871829
137719744
906527634
81619837
615778000
927120013
210984107
326898576
365674508
287585922
12564347
379315095
62684242
514228456
508302326
304938228
583616216
884715831
642669978
978518582
930578067
210424770
142650882
203419886
678929424
536858926
851288158
3674557
686960385
881186635
366485903
342631203
625408295
139020638
108718153
934958484
117043183
210259134
979446934
295690898
855638418
48956736
613764566
976805360
794065531
248639617
190605278
45827681
389313350
462652047
738277512
495610477
436589058
233220959
128366538
54050147
330244488
12441025
494750463
165899899
184730946
17056700
386476037
893250154
751440136
703428257
509187091
674821115
295422723
421395952
105714744
441694642
347402046
143421923
518413138
918329863
372992475
96290244
524378486
347153086
862723038
132813621
898457513
826595144
926003948
112681809
882888818
799860633
507823473
336491928
53639503
263670764
70611343
890841476
631430767
32712551
732205918
487281020
119501512
419329877
858145931
737210390
10259861
700006184
668925615
451444362
698152766
991008186
142073759
408104641
682131241
293793322
304313968
992356110
181113123
628957479
976365440
823894531
894605820
644715547
584409963
547431821
874633064
40904410
344026317
180239560
479032373
563289997
827693195
707871029
408356996
305282529
276691050
208717557
426591953
578643444
109463292
356156541
908319440
8882935
693517784
660039087
756238963
530515139
74244143
330453247
102886857
226445116
229105280
957475871
400611057
667363588
341064481
423844171
335420166
442087450
591368748
97679055
817977432
927803699
720788682
224037002
763857741
991420771
35116624
679080272
371241825
250119340
699581783
654645558
68549290
846181829
96164677
80072420
84743587
201290435
380096228
127590635
241306493
941594473
89940146
597212985
64950034
744744394
547800946
662645640
142644709
178361096
283223433
478083949
484069087
3733800
607735220
426717370
65686640
776589273
889910353
105815214
862139069
406819572
850442101
774078079
45666847
981818195
860069489
440619363
936739742
462924371
544606137
808839454
251857091
490694854
649812946
568237938
359530192
172957782
418425238
769345437
49138629
912197736
775549871
516248018
168702872
506163811
853608759
429654264
810036932
755239876
78674820
787377312
481469241
20834322
948637872
319730448
746422668
161205102
60041124
193503110
672259616
660901937
280098872
875506704
936557432
328476121
504963737
397792674
54014485
751638051
760640673
884541990
963184050
896727477
923655881
133983253
603394176
365367165
193434350
276261172
51078795
862373611
108485023
310602279
246537843
715511655
739536270
168623189
685129450
581853679
928552226
544484040
484283452
162803965
369673030
49059277
599821248
933736041
185192013
69871260
842307674
294217518
340949241
980144484
316431992
638896727
344268601
328360780
725373861
508787429
573839288
868508703
144657073
579667440
176473994
311027395
75231704
15604395
786354231
2135624
614824851
194338968
986751501
431662376
737896257
93273532
807138298
98404521
909311075
439845670
522315595
197908866
928229557
693173691
48568214
823132301
338875332
237949552
277319831
694378804
31418753
959894929
256500405
318869839
699245396
558406025
292826475
729824100
193315854
345585400
817106983
57898411
425983298
619597043
798445064
329564158
659304071
39575279
932198802
462987999
104854133
347433976
700371036
340553434
96371678
147705659
102059717
89941489
435761973
689014266
58771306
915952602
389727563
744357591
740086643
361322084
304056362
257974196
345663826
704870339
280380768
174709673
803251687
680324067
309023866
746826163
985127015
211857868
631119903
45576275
115450661
7541685
994248961
54160748
716655361
30805333
957552195
496116437
433859818
67007409
75605071
759457275
554819137
420962536
132565833
210213592
817928939
121568594
378462593
758572567
538203275
898313153
339007865
52257406
733475952
687697302
458265440
526627660
558499072
886087819
308142303
916061329
134699875
587193407
521901990
767897227
697902199
78489783
62304557
178644181
448481922
386214262
59228018
21614151
450190027
459185917
52317426
111959998
811923775
811658967
487456574
29185433
470629100
315058099
602462764
532542337
363567461
22017422
551867663
390569380
665475649
413004420
66120902
601557446
434519599
694171981
731288748
802957194
377575927
667448227
920901910
898343000
529393422
328201992
83289346
697625036
518162562
391466480
306811697
760143
686908685
837302818
852850246
667454651
35244012
455705453
700372826
408899427
678843893
666777976
657002154
499450887
622456967
261397127
787158094
739630385
736808363
82943614
658629470
901732514
834911126
13815553
931304443
797010819
130629866
351409717
973769391
325546939
437054704
420388909
835624793
113247787
812524862
583112937
10644264
44985763
53048950
424260005
92569637
515624510
14443083
209485042
120606185
270928818
498090384
619245279
982692331
109095191
711462685
172111269
418969824
613950172
949701637
132399291
228177909
31355873
813844603
751229212
309246194
908797334
118733207
454295714
82814911
721319430
909448936
447147771
725753262
53760270
948921073
16789695
469933929
568339909
551387145
315423301
5494021
651201633
443780681
471688442
789526659
494635525
141143423
391189899
855951952
688447531
30737420
928638285
25175702
190551750
469542243
288567431
181568092
744145371
458594520
199579859
48853840
212639048
550343095
291393488
731845948
834816235
302817421
326914621
297671737
981051240
121787595
715529321
995630041
312736948
156280871
700232906
479989190
381713086
580154897
353962812
60677679
583302722
44070304
568164234
683119713
727608846
754546780
218886706
67105492
23798859
115177891
813304564
724281009
20218515
587481435
471362318
653962973
69710634
929736339
767962127
501028707
155673385
877624718
610838905
12897530
916653130
155188062
496963114
627419116
515708254
352077179
115705425
781126518
128242774
121256617
35220166
786534585
42701625
517006360
622772330
521161396
917803451
91085370
529184815
625940822
102222776
303963440
787294760
746297985
127469958
305922833
133206820
546593205
355153784
142307006
166214384
559136143
618460034
33253411
509053771
217431495
372476425
912385721
19600978
373843514
259508662
881520568
910769068
106487262
789871337
193433319
204196033
823260003
985999760
224655502
109683588
988246936
999981560
752173736
892692523
538154803
526914154
37612362
88776874
676027454
563280119
649865003
145999035
388932985
727344889
548942455
196044125
474393185
273698851
191554721
475367433
89384364
930350266
606151951
281348996
1666101
199641569
724044049
101568826
27092704
843861919
652430631
75073035
936406220
499405177
516848804
691032182
704871685
6381497
486364606
576871235
482291960
348641773
482593629
310097627
206455987
600252459
57943134
250254527
585748346
86467309
327014283
134245931
926742224
228188749
810751146
652549805
959272662
415577781
115333712
717683500
901070938
755687487
697616378
599056419
96312151
259146255
950012994
13801233
365745605
959218864
607198789
994329902
822440618
397547391
449540484
457975632
981155114
279487806
308672545
795785504
47232396
355803202
837586992
722400025
413664724
807591420
278344070
232937615
12347099
72068304
157838818
280929503
296420091
20967731
484806247
880269154
698007185
381380020
142646786
808284700
964141999
270380295
276369432
183724899
868592583
789230295
527301251
67839561
79359566
215499939
985059323
526844338
562332126
631317194
729845284
558510566
901046668
88954930
800774039
643151490
972265207
167692519
907855016
356154783
23531668
600944160
406182009
958891327
659579156
331843643
823342026
284877095
933370204
418025283
889509687
220242434
86032609
405895151
162857130
382735042
774968612
519712463
148323934
79171071
1724300
669353266
260659430
706089475
809893315
979284497
690043332
108559831
914681926
367220181
62960943
143013739
321936021
137493077
185884315
125969132
12666261
324329699
63644112
857504427
155183093
19603846
657541039
190001002
963809954
88979253
878308015
468017839
115258113
547225672
548385116
830509653
700841886
862219015
345455888
416034434
973284616
44688327
11796885
46702697
681719294
135236340
856403240
341908873
608607782
57570807
579789410
245477598
213302086
322608641
516049116
627860544
302453925
194894333
86441486
352447656
669190563
706643455
789845986
718780932
602861373
935073965
680239928
905062126
774502601
980495789
432752373
749001928
786355158
947531558
830836328
77205031
621059948
206122982
345697893
28164788
439973253
94337567
931016363
838936719
679625313
826643575
683884777
259042360
223553362
853889201
114199282
970992061
616904482
332395164
982278906
225011448
431469453
290831220
703634450
974717731
962299207
131597721
165265611
178624778
822204609
178649123
716700619
203792894
203192803
501509464
841516087
521362345
411493704
700194515
487783682
804200875
594722410
321477572
418926080
784314205
71877910
66776263
669023821
938989491
869494178
164407472
451306047
439938139
52365988
63055424
789608266
36097466
349852751
915238345
774968241
406674238
426813798
112715912
802800134
515499936
63361296
72225650
702283522
318220953
963393259
424724384
503372155
954080987
754202520
35349265
993906783
671945516
239318215
112122516
635447862
589876810
905969840
582081801
139181009
169181464
497196210
70955981
655531370
631378007
738394495
947691738
434787556
148960503
907298293
808786271
100078665
519209622
578112859
947776209
668894475
917409969
4445808
661194015
62219370
912724373
336614612
772744406
208035387
120635853
83913689
423508561
165038353
804235968
454679658
766183395
822950724
363604103
950821437
430864800
113876694
69128458
338430006
935798322
878128701
862652358
589461068
95119762
487953802
198821104
809154848
851972430
684207098
40027098
60999049
563334915
515129485
892794438
287799200
815734629
722365979
334638943
921316018
237907014
425642007
317209572
980813816
299652803
662107504
269261708
689050917
207514663
51562585
886775494
96591818
536617339
33195991
746579149
353871789
672935586
588558150
85988824
882132007
476471614
119219704
66110836
428377726
418220890
664966801
609985775
50075479
229254751
42639167
805271213
937734157
979815850
456934379
129871505
867302477
543809098
82858067
222724240
522268577
574627130
764531556
69276685
20086467
104573082
198248740
635425412
486872411
44744396
738622879
66938215
167548235
862744119
260319942
102787590
475179617
229697330
818317025
61902990
828640624
651536570
626175356
976361873
178168915
270143638
6631585
586081133
100808200
464767625
372292924
128714541
879680565
223916597
196834474
429188700
421169163
76621067
165708983
425511275
400468299
967645794
153694223
150550921
143316060
336351422
33911328
10779679
597507233
2225999
708586571
732605238
455564475
204319934
876998690
18791430
510914242
239128527
508789081
3411150
536415217
734141815
838957696
81488235
862368229
967870190
704396947
288521068
595179176
673543319
722938045
969525399
544145238
233094315
776575669
677327345
580051993
500344999
63346377
97175397
768026915
501322659
840434538
395607686
774751970
30769446
234862821
530031222
592089366
579746873
834358821
656315438
874025268
887730219
100001826
585523572
615421466
758018832
84159549
719068167
314839425
338477558
894804657
291421553
894511351
291804227
361134710
941873398
359887549
185421037
757376113
49802541
939664334
58154976
57193001
790355828
532335327
662878343
432962153
395032626
688503138
135918813
302333933
289514944
930778416
930451931
587497608
927626571
267346805
604007499
847806297
49021044
16209645
924642449
116483352
419222326
230308682
967845663
293656051
145789667
829931835
148217219
528285009
809774192
969090704
948656296
21384294
212482540
28330368
569642650
165747477
366848904
276389070
80046461
470934952
565497756
510801759
633463754
720375428
862663459
332980089
167868884
358738473
140833801
406031494
709704362
49680573
984085884
766335594
17328402
360597389
542968837
624822116
671730987
603740392
30639845
317288360
1728549
819039704
422137795
720955470
245805966
419356756
11243681
5667040
696184848
617474124
114152370
115250464
298124524
748031018
900210298
880680265
486410630
285623219
661538040
72316132
150841819
736898114
505421438
748201363
965391399
982071899
123792415
444366881
533282644
658522193
946094303
23693559
611413472
626561814
673546026
143189029
702388763
537814640
593944544
57782098
636924512
963732830
488852696
92838395
242425929
956460981
352064561
975108990
716842467
265637446
959934232
107488085
286137180
350098727
181373751
972632511
624296328
399982226
481507007
841810853
956458774
34403530
24101270
582973979
390370064
650590854
753512585
411594390
270170473
27488895
61121542
410699771
761335296
826966302
788232559
381163594
922229900
443915259
10699005
297735568
138484945
513157206
650754095
811108034
435866102
787550061
685143165
757108227
956513313
768197498
18352978
535346682
635107082
501721508
52839780
434268461
507796930
520543969
219109855
539750557
400409333
679487563
369546897
629711178
527653475
575000941
403255916
477576140
323316590
798606428
246545777
553987733
349294945
444370124
923589796
218442267
743796320
306080388
586095686
546658964
397219775
89029434
924238724
623522054
84141887
318219741
170343871
285953654
988016599
989078713
167518144
135287308
468754088
272681277
132176792
14156725
513099933
146284204
446287919
758013283
123901731
137913022
985173201
182194228
990111857
327136784
70762886
382331571
644535711
788033234
169230636
3166968
945629325
84836281
80519216
160973874
891841150
860368086
45811070
308295002
263958108
276621509
45726893
131187717
961698908
454458201
432456181
321972799
804661658
802751276
449095232
294935349
968033037
911010232
496939177
604142623
709712112
379221783
486622658
952584628
374936387
184550465
471948217
611554461
289448789
86686347
923185404
93039105
727822943
458571698
197437038
690209122
662650232
238009929
801631662
38840611
703396743
199341543
21749345
600060786
87382
9283064
799226387
396620228
869211952
248516881
332440739
91134532
390083087
878407419
894314082
95816360
363315044
101911076
712715301
733939765
480971608
268196262
402219805
122709989
121037489
159615597
104416576
168133718
515194900
123515913
506349544
141603634
514031475
222340814
706903177
286928766
419517631
781637675
598862730
444128225
938011394
967442056
308355146
204788297
309249184
269109806
810638285
395538824
947379981
580813251
50776193
970152451
986901428
371346710
195166037
417850333
26106913
314815116
580557649
281828752
700321116
485238350
739365975
700128109
84193721
874841398
383395602
971423876
270355656
86685965
570378499
972289067
101603628
662054864
125580397
86601467
754434751
900955350
119550113
439421170
294655555
118770081
703297559
210124421
707970957
265318982
700413888
137484941
502317541
131495208
993360887
996989012
799157470
230871802
745715973
805733208
785559018
40421332
932742508
526801444
580380269
890815800
41318310
202557545
260855354
412875499
180348077
803340512
67815072
839741803
438223176
952927963
763797829
767590193
245629097
31376207
752000942
604914094
102066144
403517469
899692775
419661156
17688341
93929809
240377567
447994823
537468483
967621734
318599418
871530640
237586738
13602513
121132188
763675156
244717982
621274346
176160643
799421845
362934349
408412328
434245820
429272279
903195314
284531683
564859591
878753153
880102797
449370892
30800140
68316347
85488656
553677066
564567472
620809589
126516535
910266641
494146352
927308985
826447293
252827811
523984118
280417127
959147919
900266778
808324420
141536268
706982667
759801816
691640749
466015405
344458666
568004604
204656529
503750038
560150989
621112131
694023822
601507716
257935439
928142832
115747707
553384033
622750582
425587758
341523243
851214909
455527265
722063875
754574741
102544222
956518500
392564732
221610849
681763827
33799922
548294380
100947233
81200026
373082924
382880788
12337229
972712335
219363004
857282265
400550512
343139239
413303072
965908646
240857725
153174316
533146987
291193160
445815685
410703617
803491331
622646914
859514943
88163527
456154866
479257885
425723619
258975787
97598309
691145991
294413849
2976519
51281842
264560119
244919661
637330735
89147157
619001100
764928329
397566390
161182543
955643412
8644910
569429159
161676885
393427536
889511113
352252610
742028225
324485171
554092823
953103329
948564836
776247626
207449796
967079353
525307662
130529065
92556737
429388263
583211826
85097135
499506954
28868566
917219431
381339343
969763389
670614284
831966959
478736268
749127364
451755197
23878191
315379245
439347157
265503964
140126854
577942678
85804437
249831409
4689599
726601105
527742447
590493162
930491101
246901532
344536476
872968626
776545809
520170899
978982640
422267470
171520946
489056068
939389047
414255247
611848494
370264393
393217196
36465889
969761632
82785778
112879894
5609556
761704152
314582839
77117487
470606267
261202222
474593679
336392855
923831019
2940911
149094521
440502425
672129803
729764116
807319770
408217515
985983875
681418454
68468670
42675186
558267985
369893319
439916062
512473184
803760044
752918604
281062296
84540517
704698201
49286730
970883015
71023923
179053159
989422301
85398
614283819
261331834
764169181
762693493
661427624
855902524
36039462
248574991
941667969
547542026
192009700
404547601
250209064
582248952
90235133
330115136
497158649
516559235
268426173
57095245
966491699
140163148
57354065
5380330
151356495
61066048
161126603
199397468
995677604
407695733
408002462
233039880
875975951
263641764
117755292
549781142
182185430
906777142
910859127
390789546
638617686
23760796
565563257
311230527
150841052
463745930
685829933
333677786
436642721
134734502
577177409
132188870
394667528
672955320
707064789
80952270
235786960
648101930
804896496
638597774
7899869
821066536
597325144
80507485
134510285
76724500
640534237
478343600
983593977
769517007
808550520
569658529
813212824
66189457
455027534
674887849
981297257
701650360
554627364
60413828
990382511
56539309
89705608
703742211
39493
660913212
161906461
118983185
464453443
633169733
35072009
740724956
319540460
316352106
648288542
603388117
453393280
602271353
896204428
196190228
675593654
454252088
455392312
270000821
16008401
618667608
528262883
577595535
49894992
839767963
260069780
79815417
285402752
959212286
663537968
269966097
288842988
982967068
515376002
803470284
374733329
374275066
966243571
679040671
888972420
837151135
798932501
715639359
512023362
573468137
729950120
282990854
27863361
598953936
71191275
779909947
299779376
888113004
255120480
741723100
274245185
347589223
97749283
553588110
264176446
224579949
947224808
917799526
100904902
605997119
455520210
111535676
511263160
447691105
706222136
523340021
444722101
265319957
80872737
490195953
524151416
424805453
909483881
373946446
524478224
767961014
364946611
112851484
627101039
241075724
468267431
747001375
518083463
297107928
446258622
268565707
780295920
423569473
126162834
114164105
117903389
445756585
940438968
113343478
28048651
503609885
295387043
589664648
289662630
349844591
588368232
385344624
259642781
795390012
890951309
949811406
841589962
808746530
118346770
521969137
965214959
237002689
390904609
319550510
753845181
668732621
791935207
854526211
47079830
30135918
952368744
254118626
473440683
327839199
802341344
156376264
282631956
666074191
674626294
679420542
715563300
57188609
360316429
714655109
30335549
750363129
296344016
101797929
552846282
218780380
965102156
103191394
944521503
334007404
158379410
384189997
58738122
693778978
92561535
4035198
443428473
528516677
339042274
731104959
757263962
115195833
54661262
166335653
324063432
141123107
788315360
280509015
487069685
96759407
416431726
47310485
584561022
340737273
64435219
50046450
632753427
95411199
228118774
453077425
812688866
731049204
640440603
334542014
811527009
475556717
532294679
357403288
542926370
65278125
416358025
435614863
680122395
761564369
462981322
531377635
787255511
359440285
40134442
800081316
37021640
465917759
262701444
110497127
312684432
87803190
11630547
682685354
640351932
387432857
77280822
368665718
487387308
271707181
906463341
590339221
314599280
556861301
918168308
410986032
957380742
500507611
852129776
654192746
351629263
170882232
109879318
993263528
717874731
503447804
779153852
16955865
21791372
112406603
649278507
989786027
741556775
28622789
392622311
713514303
189293322
419608929
84272251
587612904
796141606
541817998
477852293
933700587
148852595
132325745
87224657
723724409
190839430
120676636
930424122
41721957
282512500
51658641
256886799
4021493
768415518
224629263
448475358
951356877
819798883
754883167
244631145
724489731
358886813
945684700
888615078
949596158
662241057
405482984
515911822
208634795
583385719
171812877
357281172
141662492
926849436
214620400
99095119
282261568
519556881
572451258
204097545
701264580
102993800
2527419
338595967
418547690
335643567
955160796
621436517
274410168
287732141
733657494
283845670
821026167
573272040
100425220
953805429
581579725
79268907
20398923
713128264
892069692
994061990
900773490
131306033
874648084
5738704
808018393
939451836
303755693
297308737
156744429
39140341
56259518
401953504
548985375
974780668
833060780
276531253
390876376
57092821
395873189
461135414
231403339
955575897
493592732
125246550
856215114
35864012
476842157
140489211
250758791
122924987
943955624
215581877
475918171
415445214
251670355
357069936
714458716
3809934
796536095
495652732
605052124
900147483
24608907
61028138
473397139
334590474
665122844
943173735
117036285
708113540
132245022
79688718
73900068
582441137
661191111
842210326
974302170
99675485
490065551
429829126
92420676
357221163
114627542
360487316
680714726
16171246
299675818
311384445
830658759
442517245
693230979
683872772
927616289
914813242
156912640
297277493
30013416
137623348
76313068
277296223
29395182
344199305
59697399
108313379
863397476
51315313
245236238
979655460
386433015
844691886
357199645
534896490
151923793
364703230
16078214
660509936
268751009
698283997
95314298
48353890
501363121
112683323
854713753
16812747
383273967
71517660
628001050
925260520
98434146
342991845
232595113
382516490
723297330
569521314
524915736
581944438
394997841
726017317
345439657
369353778
321984565
53830082
965538154
556807676
537461454
624403746
508001129
74421605
445064281
574696221
847493980
388462578
326579666
460454506
681172856
873893928
868345066
759730539
15283295
917449473
322652319
510912452
470470382
293280361
571850413
247069669
824283825
729387272
675070272
977493209
243740598
226005214
188344935
94827675
631173027
185463842
570616240
216557686
110066377
294572922
551309198
299361920
346691618
532979767
53572534
75490039
58900687
309438910
323968338
273447560
705788844
390615744
230653883
191681568
687222654
607950923
503455916
831154500
179402780
963661281
134589208
736702268
25813656
64820759
707890956
672859721
91150594
57122661
979351030
225763973
988449639
388417844
910843792
208068758
10590576
681533685
733004021
715380773
973810595
308174296
623713122
821930620
682892327
267218223
173920108
203566388
243589119
49871814
56982914
203206447
881206908
727704549
292125454
953302024
429755657
205512327
652038584
227382408
688731689
23843684
629450870
96534220
474484552
462919016
343560001
957943357
564639924
367878605
491223540
422774824
13449320
585150603
728733660
187142525
924601819
91322779
804363740
143729635
502009223
56118892
509516229
419204973
178177596
213193731
698950883
936542670
50630445
263055981
649282466
761812567
116636893
604378641
573352773
52924661
250217063
459249357
101899654
559097949
755378039
170232576
136415065
576040273
311690040
546265311
925469777
61328999
100195475
928648182
882213519
560766832
309284760
380984145
75584084
128098464
402956348
857437897
672092167
495500472
514469148
427701350
623214078
577137215
696533797
509864641
88014801
302762759
817576216
813625456
428072529
838812198
72247733
101355397
42907299
125989783
394076264
790875166
123435970
114771397
991243758
734951271
523412794
784721435
309216050
644210286
189548114
168001213
362115592
427266293
168297632
91710997
870906488
785286680
21055815
449386774
803740821
934868131
312329876
352095659
302186579
867340825
706814108
253995943
930786078
727723272
239683407
691994346
479159525
731109816
89341726
81710229
922452699
485788703
82958620
292231621
454270137
649996027
745443197
346722152
332958260
696413838
814834720
462624937
437764498
658312647
587186329
598459091
842754918
679448528
118923556
728399522
235299741
831658334
855398595
522199340
243977251
193767665
141951339
356443775
218494916
434925702
816107132
978408694
815712667
660620
854252252
579759673
529104735
473779978
61522384
817666961
980004510
438403845
7757566
818775567
846363366
186719744
323900982
319956234
166452950
663068956
619776612
366318388
570311715
589490044
303402328
858780377
237552681
968953468
396724281
584856738
209572146
873008503
504973361
583982508
121536950
729387891
2940559
102418618
757458042
383136079
956095965
896330139
142940087
7764124
111502233
17682061
888845951
393088772
78946626
467514088
14275701
713629545
562928530
485360024
307622779
733477591
519340169
168148303
770615698
93319859
951563382
670098784
141434006
114895968
266198239
469496212
593563217
101979893
145065010
966961335
558420159
362593938
827782380
973722510
922880616
185808734
276387296
592187073
934918055
48474468
515593157
140144065
548137210
903853536
893070656
197057739
394989613
775194838
705894098
866959833
283235990
332063653
834050629
583383139
942425944
686687998
145851094
646165983
239134278
171056044
662903292
59455104
764784787
247302390
966192863
748716772
57390468
530356206
367367015
857569242
447179926
568474335
509645358
544487847
866423584
715254571
994463632
661679634
564070217
441971
910798728
111573783
527359859
573916200
501849911
928464333
108865321
748271778
633262864
530021540
236235614
558311457
77218357
832198763
855644191
854050577
46936001
610325184
597601809
798215515
302119425
94388189
569790026
149215122
734204587
579556676
413057768
249218203
700078513
799415025
466175213
305584553
390491693
796248698
66875629
308905380
835983203
759516012
851423880
559048853
514023243
305932119
88239290
640670924
518141694
104947595
320874642
256626331
74904363
700035480
723327294
335595936
18182737
364031247
490367362
272567050
131125461
932675830
717891614
936577327
926604475
551323627
70813675
788187065
124359546
953328961
604552635
924168446
721875179
347181477
49298151
373620467
407858234
648061712
685460984
95689912
972788813
875301993
683244185
55585065
401029807
548970687
256230659
653988491
794345827
764364924
186204886
5253298
380467906
36606346
528583912
792344752
422660124
812622739
724701511
388913022
731176707
122793006
702330643
616055381
798114012
182853523
669721848
146569319
149117347
994273746
783469022
333573303
826312579
257835958
26531829
215907319
887993937
845322136
785115728
955290211
989205534
686419463
49186641
188705514
792781083
334004752
247586303
79014900
497347533
15001841
941985152
240794226
966316195
263145381
976314233
226556710
892158795
154232953
142550876
997828914
509893631
201784825
170460649
29328176
100652491
865476861
33611999
551677644
997145913
961885609
609718655
946949128
170353379
58966340
5750708
872190577
592346159
749013157
845648930
226175209
789987564
294997669
474027779
954695522
426842497
861898280
830694917
297156675
680153522
95720879
340577057
789153442
959709808
533761422
670071274
83858313
569104205
780763653
263974481
835450103
166360156
26712834
633411790
729275237
865138013
166633080
171283258
682217152
266086071
184524162
366539247
375324674
260896485
854404844
60695400
593303119
669579770
885119599
551455372
963953299
959588767
57551189
51930240
601156206
612286814
354430202
137557686
3266566
109151256
165947001
412086676
756168695
973902285
492843550
631163466
1550404
467738355
325763826
719954292
185605158
523694591
569820131
847046066
262318270
445378251
719723072
944291375
560227916
145094615
165085471
367190710
764142633
818730962
115200488
39288353
281352411
25191282
741898426
988608759
780982023
31122201
571095087
959862555
155835220
648437701
240935240
626143924
286126169
336381292
926929629
745976006
520446351
312826888
986066341
459209236
278544805
93210375
56128175
240677497
794161807
892118051
891118224
71726448
897973946
852992391
892393194
916590877
10282454
175538877
602256295
363280951
382783253
635364691
143767934
166718652
654024721
255350773
991050581
32942135
381666271
671161051
844762774
705567293
339767984
842435228
742994762
672327120
512373299
94979975
435413173
120354974
474086840
829712119
254200799
751128144
868759935
556762710
120831085
523877625
25908259
144861293
870896155
953826116
997078682
934619389
468417745
360223819
493650539
749002332
636428699
558898885
783701990
215378648
56302278
563279191
939801768
440224112
98657615
776955432
368641061
988454666
134804843
180226353
12932097
49078930
844926710
136285038
878388011
187009805
818082037
636845352
212214621
747381472
539887783
510948288
571232967
44755556
896857805
782885760
111054577
69466597
325403024
114510679
717858320
140683168
135899400
916285912
518151638
368537423
311472470
857882723
241357411
957358004
476220274
801361834
196988307
254804747
450913290
950555231
985696448
929653318
265762653
445756314
925705329
470482753
579201190
986773792
137518129
118013160
807722169
113643955
276999245
541587688
690451715
458018413
733841042
374073535
651385350
865641502
798753382
765954821
826437984
139917557
114748399
189042309
768761999
433785824
831666811
376678068
784364747
71969200
786756762
40064502
2022095
762472691
732720348
104425050
633888639
959583992
763954157
759530206
14814028
644638943
426565980
799677604
656471706
631703913
587968644
681676342
234048545
115343394
850494065
168569680
141695049
123513997
389851148
929482736
601379899
134076592
86746358
298826083
410764951
147638772
38009234
890430967
444031803
395175218
967074882
248268009
718415376
43899394
697211349
29642974
471483812
399431660
647041391
499725709
536684164
929299860
350479045
289794075
60283093
16016825
629059849
907178463
289108511
145068569
333136411
94556302
217808645
9378355
126220413
806090789
175367205
625804837
838956675
978072554
89454859
663849499
851518262
34237412
593763405
670886449
131679762
320557192
518546447
224039923
596152318
213056279
868387352
835602228
936513765
724782204
864310122
847409925
620636920
522577712
342782496
504156922
648592141
829333402
238786952
816982331
347707379
496204494
46912626
84896774
105022321
930836034
400431918
103374322
527924990
332159132
692004856
127165934
177562927
76686349
569090992
347251640
666429825
869323412
313918848
913871767
181898992
349441909
271502914
686580075
283877070
517842378
1906042
413751215
858942787
852345830
643964031
729049175
524411922
873818678
810352478
464131205
967449902
37629998
22434533
316685341
260750893
860637693
109697901
334322589
596903466
445707248
410194227
476265613
92062286
148693449
931976687
500362128
350165203
730364195
242406881
632929394
296758986
489667506
647556556
342185018
50732403
193756688
217627154
266402262
716084179
81046220
937569936
210152392
522297192
333161186
294694021
358809779
596507601
623688813
285682548
239147035
896690421
498962250
983873971
310381343
646054490
619678182
126361163
432556874
600964189
46713113
325280514
569433428
528336449
201359808
312692049
630930039
323982688
548844936
302857683
904173237
629015107
39938537
310492690
22884633
181292060
867262036
930538388
654010345
207756927
796870773
143873301
625795159
796141182
146884641
515361884
350619121
401018818
880317021
463666949
139585739
789974970
703534486
294153276
78653703
371113729
145033447
454854366
799509558
157294587
254105529
9230898
531109231
498633455
555970261
767800686
613557800
606848953
94850203
10835266
268794606
727618218
276471397
46724301
298238867
796797881
520295970
518325410
657543531
223462407
801798997
790438581
170810820
108863182
786607462
166403770
381722368
529272524
478850210
285548984
838653031
116096146
571149617
463285218
800810360
201783587
850646801
570659358
150634058
733738033
893925200
244874378
548095260
527959755
81366835
240059747
711730078
898826211
430259457
862909870
901859413
73553229
151480977
539713108
590332201
904391774
966993849
245921062
972805443
875130720
227370888
114015976
3974202
785474424
700049180
58538197
604437148
896458759
248599107
219475309
332724766
727108410
449649477
800935215
954599631
102386593
263028639
541527272
286239370
914684086
521028439
652773559
649931581
925922850
247381707
610601477
828095394
510420254
901329819
189229456
85324337
827854862
836130502
729849593
398193565
103155594
812754657
279244551
949268584
463502261
975115389
19763149
298196186
542391762
419490283
4011286
390242644
512529651
633459046
740509471
719285363
881381128
537255541
743841760
744187264
739935228
353772302
752778732
863634312
980136948
831866791
793315885
412325324
899030333
384870707
451253241
554971357
157534968
526783688
8999407
139177024
466653936
220530463
896947930
496879073
255732260
401612930
760462829
511133501
404841289
73804939
274527819
229733240
50235544
27083102
150258177
665572901
560790596
152443793
806887974
151688369
522833847
276810205
81310585
455413066
796338920
500370649
533355422
116244312
415698796
52186167
24345446
886886803
551682927
621812729
298314299
363731982
630684651
157342077
86888381
593655663
9704111
579701076
474311327
291807151
220459595
952065939
48543350
930184439
134781636
833653973
521848559
921098100
968256848
516115628
302006275
155924070
29970077
990973058
728937016
756423012
503206322
285906662
404489380
89965236
697968395
570959243
939719203
529912527
38484813
533482396
948673163
81226735
516104759
874306003
877322998
850069463
858549507
717615229
64701558
130749752
792518113
329732985
702463389
785976150
972379629
939073469
478614304
996889183
853274647
767519956
16974149
736736945
182148993
669724767
175466188
681551664
161620074
80525527
652457234
340308363
785989962
20161099
400821417
458755336
935679337
55738172
652224819
76380951
484433685
681704709
451996284
520578456
386893979
160361477
690821381
620717472
383960252
686609366
209447328
14871374
695103325
326165417
459325588
358636501
980468821
683656557
708734547
426821379
829978509
119595321
407974261
144226475
878831535
64901821
804225238
893005525
568849817
346506403
272095531
844423553
214181948
332120408
12035925
928509499
682980065
518337286
19858152
129727203
817202428
123296513
774677342
146259395
869160143
152147104
338551559
745875744
718418494
360788822
980331813
81699534
27224581
302502418
958266118
389125946
79551492
176192416
11185615
692710951
795518178
550729505
135734279
81348870
175933126
598981864
505491319
958157427
835910922
470551197
141110751
462108682
77174742
873879050
580215282
874773127
466370290
159211358
18625764
694969238
799725753
118177118
144631335
349813147
338985993
842887939
844078102
835689308
123827524
302719720
868026697
967274743
54694507
232583289
971878338
942922095
56065210
370349828
164673573
884750500
776623928
155655419
915274442
92832992
169261209
96162538
521190447
695988884
626442769
411097880
531841108
322249373
446350006
358267925
60644543
52635639
504439024
691425987
693996243
475093630
430197584
917539604
437872080
273350022
988765195
283123444
604188308
108308327
172548602
620061058
683652786
399651398
241945120
755835437
500943995
138939814
887555372
687495145
565780811
134805647
475198155
316425907
493996849
308398389
571015181
688326235
348768539
641784399
927645976
110638658
475206200
591335204
455171677
328916046
661821893
824664293
735418068
152327006
588221466
462331789
181033137
117690274
728977366
351467688
533245338
778129730
104880291
530928545
579726499
151742590
11329176
383895481
561407357
622349457
931489570
675887709
336003951
578144372
42353693
3132934
141815046
856851119
944587722
722769907
383627664
437750602
622802997
255762679
397822548
748723541
253256976
93890661
952453367
429413141
399451882
598030999
223440974
252343709
301618552
448608873
678631078
426154135
216607850
5992736
901129411
259411735
916103671
926312001
296501572
905426755
718422313
901224582
705095672
459061015
931009696
864506496
793811870
887088386
724164824
146666928
710030961
730723069
813031597
363666061
418630641
23562840
381397529
575012669
995463870
517805655
485197289
760692138
367655089
514447563
701137705
872209216
840788021
858347415
264611660
155919289
985137326
926600221
712663700
276499900
796200250
910173093
265533566
438389385
961143963
381465632
668829089
150674797
941854402
113186148
336818147
226761267
241353337
915638938
86763303
369560218
221316006
749101809
146214530
877602672
212672626
371037554
500084502
868688441
106631448
214521486
712764725
119056189
360630127
256779038
392230302
292149209
244134857
159307640
154778666
134272745
557607337
780939599
476244953
510200100
662495068
84493614
284746057
48998973
532505050
47284507
827689814
856859514
356997305
52889231
987498794
494087384
471188134
2359826
191471435
774309153
736078142
810125428
621664706
538396607
870651281
825581803
281965648
397472462
897007550
562496492
892762449
99917602
578286652
546714549
716074895
693353896
623462542
296323712
141169790
861199001
262643987
36183541
404639549
1497446
285961508
913197409
638419151
148301538
195416967
750082076
706139964
83548117
232648343
486660895
261079984
476346425
556025445
744485951
453123585
737616737
860715865
527546021
128678661
609681509
506738349
331155524
774804973
287451721
678937953
219641966
112845465
130108319
541755641
669112547
737375088
197208292
428688341
361296341
425585249
970442090
222644206
292501240
54775854
824067973
462276369
707481597
61897812
32310437
151648386
673327123
75545244
764676443
85070521
673406744
896427764
124851305
984793584
415509254
409971889
791396907
812005668
689447686
182005096
684540950
234562350
385958334
462987761
497063305
858587342
273318567
521844178
126509394
492041412
352414453
71345446
681562515
96330772
14240410
40973086
29939899
609516934
188674705
694403500
63880953
856131446
216667115
968923677
21482853
622668273
501446397
672523484
619538883
177207907
949249907
358434289
761820150
609967784
839349297
931588245
439770996
593346634
622921412
309686304
365736990
258989421
348786567
119684107
297127800
154674567
790188654
231350329
568736999
708660158
90633526
262494190
428747580
245496782
582351696
55135703
17137297
276079423
133354431
192195469
558303741
298497116
123395146
410294167
424676413
570119559
21595704
533069034
358937056
83280674
907062902
948444142
634943107
983083928
867065735
555324618
33715111
391769306
216450694
99487592
94323216
536650203
345925012
811400707
597478575
600523005
867351719
489765997
704160152
148278135
704875852
970420771
352103189
221759341
829625072
218481167
751755264
731567293
915855231
457553814
703719593
405651869
102530249
371777824
394348346
342888741
732401563
656144593
12578336
558574856
442485015
61367286
129319317
367728433
769990989
889018000
298253526
974630846
562102909
558557255
690206741
212354726
908372429
622597642
879493115
27090299
513528809
574632164
166022811
581778341
424909247
136630923
655739708
680776143
46743305
77068439
918017472
550119129
673487533
311090354
789914056
164975873
316189215
209822152
536482926
574639221
881874644
829889881
137728612
646076889
448256381
152302476
50034559
894283555
629581279
738691265
950285179
821193747
900015467
860727461
431401491
228172365
680071045
15929769
986884600
470121267
551870662
247145643
152749383
89168390
102417615
361552999
732703658
441048361
56978893
866483550
931347479
200312909
567467075
758363596
10956291
323392097
640988924
975903049
802548442
449046965
386544054
439434592
452174500
516427168
303050922
663920175
986344950
757031631
289891252
165263095
504080965
567819742
388862762
959081656
554719015
699223702
65412532
105896691
814989344
155620847
263424427
405744203
115069629
487232495
112724984
244241272
231668981
246290872
805662631
49335937
9724684
80416039
214523977
718778607
522058000
160279265
632671158
313065169
271181741
440741937
246571065
268524900
45585302
626010889
347855641
702165667
462621254
990951420
521837623
765549981
906383167
800343127
427499410
12549292
192272994
543724461
42219290
747389203
3929129
113917552
585954156
555741940
648773303
605663193
140783599
519443065
867222332
263775304
51308068
171363015
316694024
628854063
75025976
590314476
298638525
813991243
734541851
756627293
246975965
142923576
553178532
81441427
795306397
88448075
466011508
161847295
514189971
134811318
617929507
173258488
109779427
463693199
122564096
607675691
549066061
140006198
829529360
381975018
265378613
20141862
79839216
191575237
49385469
717966951
611236808
298201199
266766259
420985274
4219189
781972002
822977377
222866378
779336771
842796313
11059574
183598396
67226732
119190852
674441377
225375793
68092381
80003567
12033190
158911732
621658067
744720524
812384998
90632136
344499945
303978691
81845578
323490335
859579969
699160920
171237545
450427596
108941388
271900278
26171599
664425302
958321581
110188083
449336387
610926721
883592824
155181143
129313624
145040597
30633307
205590900
950928877
713833628
6583834
404270913
948269718
137811824
891559094
970109593
543735355
484770714
921006870
233833458
309069089
997127009
845625153
354683910
418713147
460919782
730604494
414807477
806393050
252890245
818892254
809461999
610238285
711638474
3407219
212782869
812235220
914971585
229905526
751915657
178798923
965294009
61696326
784908616
479445839
664662951
768507280
62054218
790931842
806069282
936014094
815745052
964579032
939335054
125757610
328348410
347229560
244175308
946999949
725672130
375662388
83656055
233345196
345197525
212260250
549352657
4684345
962303393
216669796
188123998
657165487
788789392
246692152
463261737
938645434
126617708
740287094
468212315
163092066
643488525
882131435
313745591
806619478
906660413
231292357
8112783
822057058
89761447
370533876
94346514
504377015
425560765
798743459
669642653
821486401
78457553
29718214
124440234
658781619
196082927
224641951
963332215
265632338
314754040
288101552
469542715
887263588
78555022
968437141
672193680
314364
917306853
618484519
484659938
117353811
504470805
217641120
106534798
317021063
717342352
391780609
20562548
858473646
302703670
589136640
998214114
1058841
941091121
549864872
592088635
13136234
267043269
415842387
303267011
641836915
929169809
9337377
352777984
26214203
208288188
8626686
410100560
773233857
542665471
338342608
381850571
815363086
112211486
463360750
691204543
195932284
744311987
414577571
837094834
126295015
976478519
138100226
676183567
879265786
363066886
647910643
411585698
373788288
895432778
702831791
20800041
464468614
448413583
989263060
415870290
574256550
306211350
336130431
132360415
697082199
792061730
566702099
387789768
818010418
351388607
947264868
566429363
672064974
523667472
958250947
67484555
332357419
119990374
679269587
28325894
283278656
340956957
387691742
218131906
260070001
718805841
31313938
25721394
128552481
275756672
415849237
782662694
696013115
244638871
47943460
888350914
614241238
304731887
875981897
466847648
227138689
661958057
842179571
40319048
898095272
391128994
833196246
968247860
227026611
136786140
506824300
996246663
799525870
413650213
728706970
402482601
905482317
538398004
521676957
954207168
637466263
414627422
989696113
985101996
106962040
789742828
656110633
52088941
823704688
133063935
456471070
957534800
19791314
241448341
95365929
504452311
109060673
798432126
762661773
503254286
698425677
664481064
996688571
765784033
651525162
120266321
583930725
664232232
530902452
701882660
38977326
424207251
37175154
584226983
672988100
514209508
781222549
285541455
150618248
757701498
48270080
79784538
332919001
516577699
351896093
886316559
105761685
769175867
39158649
473209671
869858938
724169641
461297129
157289019
139041375
701643619
971878829
804801604
239395208
834183260
124294828
642933530
143313885
480968718
534134486
786901032
14754655
624441360
285389003
582637239
744337821
940445665
924705019
366349888
729358194
952392345
92071509
952322712
854253732
949269445
248652477
128215658
463172639
496148258
688187216
666244230
591722442
692826834
305681098
172627203
6966428
848889051
108044837
655292905
671771094
513988612
814742625
342959894
157863287
196911326
818729128
59172959
338309964
111302276
890135103
199512688
857979160
326479788
164271785
827043816
249740031
494625563
490074263
970552213
968591720
254877237
914724806
224279545
241959709
208670511
818985984
445188534
293084980
314534030
252461245
219543703
202504210
583340518
724996668
133699172
787946073
393462409
155712450
652720781
16645433
67282297
681450617
54377205
233452450
744421201
849674632
732424276
762151330
397302345
34980206
815079660
315033613
381985543
950594827
381858303
74319083
253678854
117546203
189959851
906536964
110733892
457601583
119828072
62694424
541958249
267852754
123294096
477752
198233623
829583959
898758735
921333468
670676895
841512987
439130574
876240785
597536903
34281243
411272565
71068637
995880930
52161889
571161703
616683723
563275047
927118387
412167474
335608138
514005227
750892140
61718761
95716395
633434414
705316076
188286246
576371968
84438190
499592138
451717381
666122769
560110372
256793732
155481442
300105923
197728451
75352334
47638910
798613828
119645080
39213761
348597699
62557806
838720379
775646781
71607178
560323161
224353645
295674682
995545490
139605544
592420214
556576480
68779388
415290683
857984624
382753618
821651090
14024449
936642732
321548774
869469568
450998459
768963832
673663266
521884666
788139056
135926328
118647700
173893406
248603228
370372331
258063426
535433223
720642793
800724057
864180221
911256796
388083958
434590265
640440335
245120336
470004631
76245251
122754116
26355341
335430096
90570753
203523788
320597686
647162552
863080066
105992103
960948364
688877043
898201674
402516317
161149306
458912278
71716151
490671293
207149253
457827029
316795316
354319910
767223750
613060317
855944946
748894838
158765112
486295814
485799763
330518642
305265229
624244009
532050207
265535290
189192850
387963875
263200712
970512179
538227904
531659829
660083638
627199254
295828148
371691452
552531021
887666223
149021205
686481282
876127145
532498203
555668525
520232466
232482005
776163284
115018381
956684588
83937475
576450960
420210098
899504310
93783226
603078332
648709330
19646945
648949029
807738957
5356350
687600845
988228904
11346252
12613908
214782144
571883715
571762342
22898453
984909585
704971633
39325459
176185938
766810535
401477709
744232868
179708055
806611851
418769011
865810424
530232238
534264075
2660661
103428586
794734150
2365920
664335130
876439209
456380310
390350830
922208342
740970945
598632841
924047503
46458193
827833390
352799515
753188326
525608664
906811458
101707644
930874900
127922285
501483240
793896065
41674769
332706604
899343150
33507236
165479063
361963907
289077167
382655265
974724667
445362065
548699733
584505253
531199440
882591880
427927244
630442528
996356776
911284090
248022938
558331987
642033046
407781274
471848311
430562876
354405393
142965088
598242683
362635698
63309467
727122025
975765302
836204553
623858375
734018463
58870527
512703637
96917632
320034706
5477564
367216939
668364390
398101670
548118366
951134738
624205371
975805178
660282830
421455743
869677824
414713000
482631634
708104046
262162679
890461418
471077131
38284827
814197342
336712702
35602922
643225019
281414725
759114402
282954667
110369596
465065657
119349672
724383671
335837686
356824766
724683043
133848594
267321835
750985145
447572808
174971042
350553973
510808520
976746964
45241976
295383701
515763773
68063750
270777420
524936578
321089254
470596941
90671277
764468529
743131512
652495856
984754470
78509652
878656945
604147488
111770965
15888306
909012987
655502163
732242466
205901481
145435423
80234189
333425475
836374986
600295051
403206632
142951039
799231803
893360778
118490455
888448566
924640041
32722421
722922144
667456396
94293619
57132956
258871062
339468080
274535558
300527087
848573043
223467814
801750840
501923538
18505771
558417108
829024145
155312021
59759589
82971039
767644247
522071965
784029289
61115278
243486775
985939754
719437339
651950300
7424650
381657045
939305097
352613905
825395381
981015989
274188502
345085757
59381922
118178702
612057952
679694575
692065614
125183548
997067134
238978554
725972093
444390984
879800744
922449548
623883078
522456437
750231409
156651044
642095539
178838835
6656819
407012458
706722939
934513782
916489670
362446191
600705210
836498031
664418857
228474341
649018894
571239207
289762807
995805112
270871662
916068850
602670935
406418744
499217288
649076218
127983812
543028217
135570521
607879173
91020383
823850202
79766432
620321854
629569652
23160617
23636061
227548718
293958301
886316176
626541750
116378069
197025183
725492155
923438891
100338704
888329371
76509937
161150951
332964246
193886798
244857078
90458417
25653540
199655705
32914829
658363845
853857421
535307831
898262045
256199777
490016849
562577496
909846249
395754101
180694099
515612139
837234191
738731379
18625391
36108401
267296299
143908719
732423640
80133440
299167530
945338796
248996347
967819716
529907040
191306115
114442677
781465487
204719442
126351201
655354748
156721574
961075800
152004989
310567693
174830955
208863100
872661505
18628867
85980725
348345850
892304153
700952373
969475981
490507098
61609179
538029774
998007449
685909274
108695675
385706582
337944939
83766286
286447241
334472133
386892580
320001709
109496264
417516831
884646831
137239358
379200529
466234743
642204867
567520455
408287619
163136267
73067174
889869865
54721100
709493028
943010144
46948607
512707916
724297734
813645515
186772309
81876974
3464931
909250427
201879764
273621959
856395566
30909951
368376714
457212793
666093690
989429053
146522802
19815659
664686209
716686548
916807133
344571538
558334937
146080422
441779049
970636327
320410985
451528281
531768471
656575939
25483519
112309690
572833275
80505585
585431224
13032238
750672752
214591273
422337347
31974057
771126404
589911538
484711010
935464171
16056196
188353045
294926903
841560790
206973515
199357361
135696644
627677266
156914599
771813624
825981840
413045653
419838496
612759434
356355411
33423823
72518731
566594341
251863549
37502394
36810480
286954207
135375880
206058131
306647723
806193682
322571952
92652343
279621096
640737004
740831606
725869053
375486261
137454402
624410119
570282905
794747836
250791388
547061960
878550962
389953432
174111813
922078880
453265186
257557244
777447400
171456640
48536050
202473448
282061869
363232428
92082474
688532300
143101462
920770508
597829291
328755084
256250804
350384116
832433340
923440042
759369196
829723105
807174069
827547959
975304589
119240752
410760905
596774960
552584771
347627445
141919784
443982592
857350502
136762232
473540214
230617763
556770511
138634853
402869933
699988039
555626374
148474308
302951285
27518682
769757007
289987228
44444199
526232330
414064707
504062318
91404625
614611288
212585273
284090919
666902889
697932938
906165210
459835741
513301867
570286422
335774010
810699085
824871707
553866333
458466414
413698429
505276632
140005847
71753286
225523898
995335392
91769453
602305735
326011284
874916701
634402721
462551698
238177906
18362931
652923226
744213789
328213696
457594604
782491084
71508799
581318575
169569929
955001318
395952331
425180008
446254166
132102189
531128525
795215093
261599362
43958906
160684837
570046341
781402770
255528360
872114443
785855101
760578891
403803888
26854248
673463746
847387162
396138151
92938715
856084794
563586727
476090989
788275074
419641278
395790181
975486205
242044570
888275254
627839552
134188006
25292992
268785356
751213127
88048291
244157620
133893286
646535496
592358293
455873744
327312323
110834170
56136474
555684616
240114513
770573181
300549828
679251948
866987028
500366320
230259268
979121135
576907686
303620495
668791342
794484488
408996593
583927713
100200262
396147569
151059639
609138702
644645576
937155272
517561049
876511418
56567955
136443586
157770280
62150219
96537023
863078735
715163416
252927851
385744673
183162925
618464412
51885224
835478887
719210835
48049801
27647459
797576042
901623305
361833447
633725402
136231658
57206523
939708870
701687174
164448871
822354942
472522688
552053213
910638311
368077393
488199922
280674467
740214505
827813830
991600915
85124938
449459869
539306786
252646531
76901909
949496767
844303867
10777803
25198171
822319840
185067087
637238092
33155490
153654711
853206397
1373900
181588364
287357415
977944277
759117652
59877685
289329248
893947868
645166244
61821867
984635257
257394811
531399705
499983884
613335077
247487238
276662574
80876431
309641305
570133786
948705440
664616712
538188419
450994483
103861190
806931727
836841178
75914498
85911235
2072354
315962845
967285888
322283590
587022033
60253002
648774934
419389287
892917188
440297644
335575917
871237264
202205688
247550371
908604654
549647138
740325359
993057148
734159344
425506873
700133178
882915407
145773631
898725422
763596451
487274823
778619411
880031068
621926538
234638832
186179499
806425752
155342190
572687685
467960633
934933101
3412853
833358336
771943183
751417652
442281860
981932124
142906383
706139138
703954974
281785197
73954402
42398989
842142339
70214377
527831737
607995034
577666210
368568875
113298120
480443545
563559685
610584129
482024556
959874492
874688531
621683278
234821016
565536803
12014130
232126883
755224184
432193116
906280437
934395039
347348358
496452809
53766443
897351994
817826211
957696481
247745987
123470640
3876896
468280334
901327808
88775559
782783170
444469310
772211459
254333406
582601074
837542897
209583786
128816430
287649318
394479884
835994750
69580674
105405710
656298000
518932172
993373791
486854423
136510121
95585650
555548170
945287986
84335184
999397230
378809737
254369549
505063581
906333779
909092634
941655699
758336704
50967695
658641070
820411029
384071987
18913107
131620893
976654824
135114079
537090696
308565765
939862575
593047179
28819106
1940029
269091680
197775168
794114707
357620034
934060401
299726067
222396119
854153220
92008024
570027012
585000267
867005554
652396378
180559143
654549445
18735667
202620235
458383616
313460668
335624764
615853489
144964448
975040231
216326706
319588841
262413194
763664080
52666770
884977825
33645416
524391276
512337169
213308136
175298682
557269126
661235528
125628306
359378607
647248547
849595166
979007863
996686244
607978226
113821089
705339994
739265703
478966702
432086745
467393503
338672667
73513562
632453432
175372243
42813229
140560837
859542839
672407452
972129866
534376358
708854538
94721482
417954678
426884773
725637594
504455519
665158243
73086690
760363874
678104845
869116389
81738328
59183025
778246753
313956472
633710641
685534077
106322737
907097062
205137503
938704774
748534662
666602410
188500765
325236337
112458570
256604415
611424919
775017009
549621345
238152220
691841805
474081774
438538443
767143769
386497516
187130019
998394164
464678226
848899841
343127574
218489822
415518169
194557998
347610123
778200982
839739803
546728188
540449428
110405773
415023323
845133965
709417264
180671939
522148286
474203170
226151699
223838423
781628169
714718276
537608356
590262392
821390243
66422527
822391802
615670152
346493905
273485979
183721581
17824561
827029003
873433534
216893719
32639233
93108211
68211997
243211901
930772723
256379441
549341555
126274213
371359240
409448935
114590728
53713902
791196469
392076292
502317963
39208503
607555904
208115509
431457529
363342330
824142305
419639500
611904530
954366924
848391147
634417325
923197197
99451544
519199435
430423730
465172388
62843256
167937080
494728141
919524539
705432658
217733446
463784386
845997248
529434268
44214501
77261543
24886564
81836781
304251998
874470499
466835678
101251304
977287378
691437448
243068139
727965020
962858505
717157678
966215526
844739476
77341888
555040961
737104509
131351433
451014962
545006980
106155611
511467671
757405768
718432171
767453262
414393875
379889905
698136162
931174450
434838844
475178557
149086299
584598060
649782631
958520588
374784996
402104370
865152106
284919142
83725481
912628617
151899285
757976086
718011276
510538984
488358820
520160782
795144776
262135472
185686071
519826570
990062001
698992207
953108541
318882947
263558991
299009595
384196448
405510414
845541545
469554190
141020185
446544950
60575479
858643783
51105613
798362643
576788669
79263724
576582255
945403267
494117345
446024634
380552688
523772436
275966281
637072079
609392309
108121177
321896308
71685901
969194529
888376278
805933723
467516053
719192516
992893781
662831397
694299443
753205113
85602139
839004327
463399650
845046380
487345452
388640219
230158998
814049985
870409912
244799573
964876443
39058018
216638641
99026868
476170852
102896095
802794263
166661570
888300135
57622647
927241483
390269764
342069289
51590993
330475230
958182795
43453325
496821145
114249439
408346064
301502052
620610375
951149115
591272923
308388799
567162289
275206177
433875551
103692771
31278345
777897697
185123966
873573928
661417268
84315318
358079505
855231206
46859461
278195568
493653506
370009902
581667965
191204187
41468699
798063045
22227780
904674491
978751555
388763741
49537394
52758945
679386020
813317892
32858547
118945223
774554840
390863998
920732364
311159794
157662682
953497402
289044730
38387397
121053763
139586580
94981338
569481900
24442702
298201450
98668590
683736024
987315110
1397499
850320259
670077840
858423458
7558916
170711032
115721800
300911330
90665506
740422899
756420882
146935248
51313842
486614235
371265650
75378603
39309652
492778802
946443629
116416046
214312644
852394305
363494358
346993353
154799987
710388514
52639213
135559180
442626411
418747589
530130344
293678730
921561073
120490024
182840039
894949665
912712729
496842478
991442334
575055318
897978135
47860353
689230186
479294943
865238665
679500399
193244559
776445236
863719178
948756883
433418778
43835652
798944065
467293532
697532120
437980589
130904650
781061089
11493250
379278335
780154985
178863803
517895782
169437989
401955150
31793059
22021460
752065933
337493856
552657588
832383130
32367667
746078998
163998356
282384882
445172448
756766882
675386602
70144007
943157290
397453041
498447100
580083644
510948144
231917088
602942226
420257561
42800690
516712003
739227912
977952346
93584781
903606252
98315063
7216443
596530472
408820135
262551339
658712578
837242050
323843966
38864045
897128007
461277400
834237640
998347132
408183050
56018880
474190653
437654704
293838340
851288863
888285255
290112598
59398281
160945732
306234348
206900691
85677886
474408564
462284000
810305204
567504559
491055606
842825880
114465804
641579867
255903327
258352407
914938156
844128216
145092853
970960633
364475581
121017395
84309062
204933034
330046633
972369858
775701409
485481754
55092054
268553157
888557416
436231498
799694347
371006552
87898289
391732015
50827154
387934930
634080888
438923071
203980604
984203188
923759735
389640122
816959102
633734571
681011965
610941695
404667048
866640966
893380421
638145680
890040342
525282780
835496778
163984922
135509163
186116161
958526982
353120812
812346552
504910000
199227443
239253694
138697142
971555965
306124215
106684657
201590816
405672138
42076682
954180940
884160273
921793751
817965605
710455206
231389345
134640944
247775579
529484673
555991926
706349347
979103375
62435899
704571536
66523509
18178278
846989505
232821319
77145623
300713487
552593669
630119496
874039689
44446117
63858643
753023765
70545796
325078374
397008296
377730798
416616265
996268482
894560326
40120111
643274605
428065375
106208954
341735709
79065628
875452654
567083383
230462461
160474278
571735738
437662730
969751751
184234088
266539354
618175906
427384455
338992298
735527804
767374836
522419140
611071115
621573911
432784186
968394249
11467901
831604447
858456992
939428628
250013408
93154853
194112589
735979253
441918500
380950661
814918920
448185637
945877547
815422210
755786025
405876945
899195191
104147345
770355373
928411195
818744185
843035033
331475656
915522378
434822943
22051156
421328974
590747426
217306361
220632925
892275925
494125316
551791627
640332873
377360543
170114157
3693866
3057473
474642965
998112698
934599693
801647804
25201889
885428104
769219236
628841191
772874293
84587379
324598754
555492417
545614412
23124845
112830323
361850520
383016422
570532007
408371255
774172993
177836176
946681924
856007182
16199852
47038296
92417156
24865161
324650513
722471816
121213112
242835640
866963051
443185813
333588927
671613802
869885775
743169671
945247530
269642446
45277965
170923500
220270193
766623667
141482169
627842574
128538635
383878104
406050251
126100946
167076818
293241043
215651151
492866238
362159906
298587623
77578056
135630038
419129230
844445908
743523074
245668374
936304818
870929903
918217120
420646869
167260497
415648726
80180480
650424854
154214995
81642432
917521971
356922721
132909447
339226337
866494974
949385160
114738753
507209562
451005795
10457393
145402177
771849230
269537781
60489019
199295186
269733991
355108484
865255061
810347861
335185940
847383864
461870991
46539785
318777329
27329994
504989850
922839741
872298442
462360488
133075996
225664863
124440749
456805562
359663405
131685388
885689008
412603855
526248402
976460919
49566014
186957450
335209128
217025975
701326253
106444199
701811830
10714989
343711220
972975642
667030647
724829452
110817438
519631331
259607401
42483557
16114427
761701823
115966297
214516523
980892595
634537087
556170677
139205928
586077863
529749880
750050366
311800918
6701288
92348854
330705000
474565503
243599475
810992452
432830976
954636980
130579605
24534867
745182077
416490255
987545580
819520019
155470208
139297543
211489608
820975725
436514112
104289748
869191200
788636484
466446716
78494230
989257763
765050050
861773882
698136118
481773278
828547927
49712783
578985969
591277426
818071797
393450115
678669726
85718281
473408750
320512650
303024693
526197699
880405753
170124320
350931663
820981537
864103196
478222910
86459112
258064625
319460965
896387881
802996001
193158721
825818200
279800112
42188983
283004841
702452743
161050767
957690999
354407175
7000083
595777525
168159958
254196900
116095965
874237798
48983224
31003179
545024820
427320707
306762017
806133099
80947843
955788084
743424518
551065213
489368145
894268336
989853712
191383185
917226724
771592399
54299682
467603034
258339806
181814752
566443369
823973375
667752791
877772870
65704501
468738613
79970147
84889514
48199026
822234788
574629824
687433312
848396779
523894489
559454633
193183304
74906556
152251803
113603243
624309929
132101016
964868491
704530562
368371226
763488106
412223501
665085414
890944068
857781872
244743985
793960964
715497092
991835880
709073442
116344248
1762080
583236900
2943890
833256245
96672049
422669845
37307787
801797912
888203066
321177092
589405308
857553887
603936192
240005477
343008015
278929931
139107725
77476718
31494678
687481949
445376405
982834494
830541432
356555401
267232536
854602533
117970464
480751054
42847669
601222578
994900548
917193104
687058201
516544513
92413388
126062048
124909132
842562345
333803012
702461320
789461398
389781201
957053775
211557705
998560258
710505144
810975694
219289682
254170266
729630349
3940744
103571889
863761323
538954049
420565008
689694149
709602913
226208091
29318599
806917751
378189431
67159280
236015869
707907118
647292179
183733147
173617591
950274964
296311833
752290445
853853549
435782756
696497
742741164
934249268
672132413
142621458
362588727
12708893
807120818
248089792
859594239
858731706
952137054
23363258
471833974
493307889
748482807
200989034
17042003
119188190
371322949
831467731
801171595
116886820
259042967
799211920
183198473
711333025
487463903
950548690
659999457
21499723
791362642
387937757
109715933
76225934
740004946
945640764
11497301
188851688
745541916
176698757
441290234
138861987
82764510
654568002
70709242
218658758
13853654
156499232
961811655
717635725
234759285
597875070
104432298
480814626
542405007
223578811
363678722
19416829
147862327
99068394
108056198
72308957
799975057
852693949
434179752
217170888
623754850
293651937
342324290
550773998
637995728
484047345
119123107
421526363
483608897
107929866
39755066
231405724
846258963
309711902
258683057
540623924
111149005
71027567
35625407
326895637
609570929
760571303
567701574
761701597
709856070
650036568
185135524
527541178
226328944
595446779
126201087
206213938
165102225
48525912
344095613
160528339
567169893
897723988
658544615
964146283
237368514
311455375
172867454
2209925
901476874
853833976
21222431
965908471
26801471
422020250
81447936
693427725
347947720
328746107
385264538
884552955
35657593
913394001
803035380
526369577
459705667
220594833
151660467
632103522
588717557
976976033
228042264
683997083
918227487
797275573
795830979
370820588
150209389
580109260
584392211
635187427
750212141
455396001
57951034
421056526
271177779
618315124
338932858
289607829
837195811
638753558
427200696
401452271
788814185
240090404
882326748
764044317
159197333
718343359
627053395
944781764
331363997
206262625
654595161
135085036
549984578
133443703
9197640
215036028
98435749
628525
853165435
286063422
357844929
833130495
100758403
221274201
985787936
3425492
442118735
833436900
652790992
609980291
462956681
926442863
125379362
219457134
607928996
923970314
352967740
580722867
74428075
980738094
525395430
903454600
638576477
424500137
400100356
442731657
469879681
719169193
899078789
481310246
154803306
472478989
539884687
61137208
771862059
578880860
145817323
255515403
785533062
751497486
620032737
260954881
931675890
420189901
477369084
128051102
809417917
207005215
385969710
922753383
48689309
706441861
965601074
119859966
970034079
899725251
356177231
153657220
504668224
183918733
721753389
97744705
532996572
996484310
227732831
767749625
622205998
77438107
69804620
587974751
164585343
87367289
721333610
487036740
832791302
395956221
83474105
994756027
319992264
910204839
531891514
318598998
789967047
857266796
510000012
640553494
797926408
122263507
77295362
218169686
102324366
11061002
365648666
202339347
243543691
915662304
529440261
827231986
482483372
942630853
515549600
231430111
644820186
235324223
75526407
666402558
160406157
513593927
12713962
347633288
742373453
454458863
456007317
151910846
343580136
443212400
500596112
544349104
264151871
533831108
731393285
426461706
556783322
843185698
922940998
61073570
704405888
739887068
298241654
868254915
642955140
906298795
438429930
839566080
184625263
400319165
465102997
116855299
510375992
719870873
779671848
320919570
73056592
803031096
209129587
435688631
770823559
896212866
921263946
909287991
247630079
958948969
832932138
990554909
694442846
586361015
181824312
717412521
610095333
483719085
283690962
682157931
243209260
267580935
318314773
932937210
40456802
515738844
455646209
555018112
508542869
167941624
529803473
46372331
386765644
71352492
985054472
981229827
546282452
743819518
826603940
908407445
19430297
42361506
658078695
315196541
977784944
42944079
190617719
498334290
53647805
171213859
598133507
12982707
278776455
963469120
28435989
750099419
600252334
182693510
423514998
813585105
925241272
946453871
132357028
765236358
947174561
872509876
648120852
746810951
971614331
608433643
119595079
760344177
75580365
984739068
2032126
708502688
504110245
837272561
670974184
281516967
632293431
997971789
850840796
379564678
795331785
332337218
460893728
916471675
25954361
592737608
129871727
706523395
68511308
500658272
944540241
569532455
609152304
927827141
197547241
164656875
347190541
105672867
432655720
128052992
790192966
814035998
108120134
272900347
500749986
417803398
47031477
328022402
910032412
877363773
471186899
871426060
769007934
232568870
274903965
891312567
473610510
260994750
204497441
38786318
697950498
650390416
235846478
103650770
802875703
684232933
146136313
350972942
397911670
191010278
917021286
312624226
543446864
65982842
498076594
257135418
110443404
152978425
546108619
517667012
461754470
488278728
96126749
256041801
826083085
665148559
420905892
105700231
259264384
354072806
730381955
7796973
7561953
650199048
173298421
375336735
451913879
145388796
167606555
176887603
36052587
635756088
223860269
199077175
895977821
891574416
878874986
544333784
353470614
125225558
303661427
924351056
91606044
602198540
202455065
18995046
197605402
797321125
131152206
263059024
653112953
57212550
819685548
775798410
692735585
7382836
856166856
298811323
268596023
402611013
286148319
291015411
77629491
126677284
791358724
889487472
361924616
671505269
133326583
762221409
700020377
183139727
865701806
862033688
120262587
69865830
752702080
995283627
393046373
940845418
830154574
488541308
819855190
79662631
6219736
415263424
533388709
955742477
105889506
190599204
609021790
823947009
257038947
685119093
40541279
459760794
72177819
550333816
145158097
948394712
569021544
430627705
70861922
262387449
128649148
107064473
400586972
693401796
905558530
26364173
808150747
920050700
590031291
696837669
83694517
168929003
195418519
364608339
28106054
254174655
698268808
115571656
690466767
341920629
20712935
102647362
936538457
806422916
582272611
484572303
357172783
298667658
847989595
55365524
689890594
216326309
480978846
798015484
877638788
992044219
872874942
665823617
408793801
925695344
123096140
817879934
198338568
115384381
574090512
738514615
901423750
940043675
67028944
601706581
539106762
43631000
535943840
252637178
531735468
620741600
371628246
50033482
997818216
36164891
414730651
61860255
569618827
521273219
990207509
328043382
979005173
459069847
781297406
490842174
471949096
317511435
162291885
566672221
676459052
108103778
76269859
573498078
369938866
599165339
858610242
41459233
687065313
163240265
79810935
139043889
412872529
649804974
749721657
946524804
547653669
494593384
528727203
91856336
686193346
820387185
286464256
19336488
362680393
185855126
546605154
883153350
459813379
954854079
729854697
821118240
104394496
699178870
270579168
425553395
124304596
20050439
73667554
50127083
982873037
656039812
213638852
342608254
864767750
177392042
352420938
459146376
423813513
43917809
806001650
104947518
184943707
559276407
739272068
727732237
240964252
705375292
74166276
796977557
155599807
473387335
254811461
212995670
1105773
311029265
802871218
591846499
274323025
552533299
944885062
694265553
247661474
207794458
89175426
173298211
905068522
853779322
358664785
184479562
951679072
735330450
110184307
400283712
587499934
339032533
83078504
167919248
7658710
949346320
552187838
512083999
280021252
659179841
76532731
581356028
589348485
9919046
881351318
339683101
609577546
415850460
937470912
738912474
808000199
987631103
383795245
351084342
111873088
327841473
262017632
846603917
344648373
424182171
832927069
777668732
887419842
642056072
405842754
473444356
158944174
614062689
244944850
235293980
586455903
97916376
769862277
873691133
889425936
741107553
562218471
781698314
861165782
928305332
20583483
327577695
410850269
376635136
385837421
217600423
215553269
346207937
412875343
677129334
225155369
143202138
725401380
350183891
648891571
651828931
633652831
156180946
490499524
369815238
90552942
244892562
385604501
930243563
371678481
87748037
111850640
210014644
999956995
967162409
683112701
996298655
197027903
651664658
981349177
615022010
395784657
440521303
444378302
105448766
496598236
810645185
136408719
344911069
480163273
35837770
179716533
820146774
615210100
35663708
150312257
673721892
376593846
411071984
423512862
526211189
112538815
422609675
820276853
590470477
663785112
693842250
928268483
150252876
576029029
403730093
208335689
919046744
258442922
728544623
708174737
875769318
109819015
388840909
604080048
629490334
315578061
445942038
827438097
896056748
379862756
112767347
370029016
308708894
11533407
54033997
148109029
388080360
312159150
123977575
12738714
452122510
112768752
542398051
604648869
870317821
100010493
498075838
596173021
998960338
356346868
219132474
6557300
801729376
720557810
635972354
598842651
93132295
697388447
444400604
120695227
52202641
745782722
726904339
814287580
424480727
653506108
416248448
137907116
524526639
25811788
441454925
487574800
247300945
95911336
65326075
933937576
256841078
56901588
43397103
837871843
366901461
225546762
913342445
130322275
745332912
433838621
21533531
245953278
940067629
129168115
810277541
80760026
27178329
65664289
995309927
464721164
627959502
550055216
305941528
230465049
42252645
2205245
811538320
619310028
641257981
392249870
252536626
889534037
901972104
912516205
653267145
549120059
463908184
418523344
388137551
438489751
529651956
571104785
426691809
242721475
392063021
538113834
748458464
189625068
486500943
556617057
960061375
101260606
756265502
45384221
921551422
44154489
512626088
214861586
383132579
206610978
369749649
524712222
517027694
105159919
360549566
16061906
538644659
250266692
185458653
237657394
192080605
720883601
65806722
355012661
379756371
35113530
498295746
140443137
419961898
738689220
977290711
322259914
845557910
530777865
443812417
100501904
247527198
695126452
137385203
487302602
82373999
132636603
705797419
492224597
756134152
749291336
329639964
923616732
122015488
739327501
971458741
626758198
734553158
840000251
640305556
804649311
79159882
969748816
905167188
980436826
476130967
219934933
930994776
321528367
489791005
313564469
397743493
768057032
946577782
579469621
159482913
234306100
320097049
846642741
619994442
318346995
175158753
337656901
925189128
451562495
712423981
242341599
785918216
485042364
111521448
569865188
634649912
860081883
107097954
34626309
983405554
190673710
828256318
341804794
21164483
588468716
69983735
263119471
430791338
231036965
75393797
10835040
228923960
370745048
737216365
78658395
315370257
700351507
87617240
400290355
828824215
146502539
36674847
92385398
972187488
745340137
536127318
463208678
191543797
796246368
693115222
452654575
186648860
357863547
506198585
348188432
935676268
262816201
720846168
167523440
804163895
996380192
519940895
793312023
850609573
127447059
329696047
369561672
821519063
782366908
919412430
273285746
798429788
206634392
137200750
286839808
217935066
982623200
705128434
81817836
917844341
156403144
27817229
360114150
598380466
80583393
137981644
622167933
42583536
501715933
546525641
881353893
301850428
892721802
314758234
521837020
602210571
659732924
412706603
402847807
896693613
278226164
86164537
32394869
613273022
366068156
794395086
746312362
633277403
547991894
450523304
869210142
352307
443639210
60681210
167779788
437046304
702164519
678164036
493310881
121922714
727255843
22882850
262149867
932363885
771875238
720647139
334050372
779432908
723863603
840380646
21765165
393976203
217164535
401080604
95914988
186223219
62699253
997768460
574438927
60658210
300596410
527089286
784629932
12028062
731980845
427079373
136205851
82488682
213076247
869685433
117003981
473185157
67612251
390333579
498493682
860762004
476906164
91293042
188671450
218268577
137132477
107869641
44821412
817582418
279796415
657107056
762306364
851172345
512493573
113011072
497395315
307779159
243060489
38820026
143326553
340888505
313080722
499218864
14692514
639290120
175738880
851195819
289095403
431023343
696444706
752791957
953363326
873289829
14492927
252818089
690085043
968050362
650883704
80059488
475766108
720003586
506991262
225481498
518264762
188161011
130543825
12343158
77831188
679642054
777040796
48366503
392215426
740738613
701390326
815959342
246938998
687596209
229495105
788394908
978901521
330833403
146340650
480092423
214959177
325572395
624638578
848758640
497729382
271409616
104709845
981323506
937069142
13300803
396196743
495764701
976569857
824334755
533872518
775576531
68201573
379836122
655179878
812780849
124149125
620520776
472633546
225368642
82101969
659399534
228431091
432666996
83348450
637627416
247540740
339868109
769737544
857876290
543057794
102904549
970129264
372207326
285025472
145364446
845776776
824044341
827811343
324535866
347963691
472396666
512818843
641949174
908426351
665570216
947545059
232859894
239212998
33984996
784035227
898224194
390708958
690586939
668424381
21451125
606230374
434279393
972004289
409815711
915109711
789140655
665568745
424130403
963587983
81477708
106927228
55376956
64819897
139538375
110629731
644269042
116188120
438462453
62432566
718879119
487775813
448964094
240623648
123925206
289899963
356915161
306933188
950059038
679185976
265749107
776861000
986837060
557844220
529696598
590842474
752651925
785633484
591667555
356529371
421207072
37737285
525764003
934358053
110724649
465706901
86372909
120934775
693430256
227721100
455740328
317203548
302548119
300480502
540359512
654038776
572597222
622887782
97917057
536534956
387241576
613392321
717209036
324094691
377926891
667255737
852504997
733729739
752474258
68003603
176119868
591603981
3187884
82123791
489536004
598008538
52186204
372521491
357965809
442048716
812198102
818271800
783886999
528906915
547269599
748351541
366857032
353126184
263604836
122332188
796468166
674926769
666018130
141333499
865354687
665305506
298611010
428982607
465752541
781891071
432164183
432885514
263410595
12331033
598304962
810483224
87100764
261909178
67370866
509071031
972973740
578074122
279800500
360508405
881780653
887596479
662894011
793437301
125829400
271094217
12257755
180182
126155288
489973286
638530463
434551039
525497409
809827704
994057765
375692501
658672584
462939832
407082176
135541111
896531201
869648812
605727642
517001166
269948676
79310482
985474703
563881850
137610389
669740269
572017489
533776791
245531523
500322323
676869039
319149280
23465670
899007126
494144958
724554975
132200413
966443538
389108819
36577445
132286647
4064334
202545114
338842069
489210607
853738394
559723937
186157816
82992210
554338977
459705989
773701953
560463233
83311912
663544049
752522706
271321621
833131035
275684344
911132226
628898262
540692401
39008038
301558747
179202375
254673383
337214842
699213563
104637711
431758083
713815543
676663742
894711114
916527994
180574900
782477320
713945298
113657909
612249068
43694005
253431722
245434737
163617715
867006346
540347160
973457770
78145102
998725656
156059801
508219584
874980827
617391825
135623479
387367375
581835079
226681486
526971294
382053223
847157483
568573496
144408440
760210887
141413258
638452616
401146356
141891975
910842890
731520554
278320101
379536073
583283277
9892015
261196001
876683161
656448555
590983328
162117704
811025463
434028571
210870316
488053847
571300279
512267883
99854312
672381265
879296216
506771945
761763438
96973679
242583910
398877132
572047734
347038423
399113875
676733025
886306346
217278832
405249256
330579895
186144285
414058879
211096389
3559089
856683762
451340669
127449609
830056577
826405323
536153600
537586061
5496196
463382993
657013929
622954308
917429780
806139141
56515357
236700080
898228081
552215245
198955841
890746266
762681181
524902553
913907282
258100031
587322058
962267405
457284789
177136063
618713135
812510599
785442650
702342782
767916853
16150134
231091919
999582523
760108145
709277607
7646811
144390281
163515980
823389454
899626376
915214607
924633216
542748173
577986924
721148622
909509396
194514755
502832940
969749591
172303852
45290232
822693647
490349586
59259628
291513868
812184355
200919455
814372881
208375552
135250889
402362006
743701392
239214342
15432647
107076173
144570936
207143618
478155943
625126679
260662889
569611743
92807934
948788911
864394051
142791903
690582377
744816159
485891086
605196065
261619324
288267929
708988195
69205447
12833158
700042627
788379044
550028478
812634039
257157999
61105174
106018884
353625314
41119381
963316696
519619355
243576386
48599184
59762185
509341683
265042010
84915467
131203435
894075432
546636139
723345474
639793190
413632879
821164535
42774265
652224739
415332785
130677622
505568159
735575628
63608738
916473666
150063304
42449959
507974011
800910761
37412853
657188545
546854987
188281207
51527210
141944350
748202436
162326914
705273112
976053106
57786270
1705551
868628893
155144680
982386642
877831865
219179088
76451523
172848130
345117141
770319382
130296961
538831146
356788015
386453993
638852872
59713821
871098426
72591470
642310404
661818678
529814593
882750233
399985814
363997902
961659582
786724976
406588604
458950808
36574088
186639876
900248408
25839325
520691443
139865060
988689649
149928429
663846820
145881247
736395989
308492232
283662313
3278587
861406405
902304675
860177542
428162244
586416230
640622382
993136606
754230157
834604355
349618388
341719874
911991484
405794585
730120368
341116984
731743161
118822050
867785777
574412026
964457415
631395138
16088664
758173681
875531516
203080351
983464164
67450827
660916671
263099159
289876085
688788927
901358163
432376011
46796741
22100183
79302815
890893935
112447618
245735369
387678173
137381003
499263779
491869446
804437246
867195450
49032088
114531329
334358210
118876894
541158359
496013701
45411483
367415804
196638771
194794490
895329679
543265491
316072553
722218561
763902860
577661350
587932842
101041021
440412480
561624027
863299367
123587356
431620549
14471941
744282038
54705986
349815845
850256476
501254833
350762227
587404604
32871681
685786758
910453024
84699639
422323484
22969316
755714653
832317711
800943338
366544393
441682243
60015644
55210409
889862787
795127858
165343788
50216579
663756523
73755572
496567036
350926914
121409563
894233575
882508714
957213232
564409718
695982111
557089079
919368232
919768302
655319406
155620134
559105981
28628844
802277171
983925671
215477018
768156183
341885912
117081662
451848123
31154017
531946161
434935095
630737041
270237644
227143416
135503516
276279344
337867561
750520956
81310325
638300644
145357238
909234244
183146672
576964510
541498916
552669765
128777863
768218226
9263314
709213738
170982629
845133320
235385357
359308404
417669166
665664250
585825964
841183412
437230634
687323492
441724257
592656017
10570546
198804631
685622977
606258996
365472307
949582523
853327443
658470760
376041442
7601077
20994957
454985969
65536983
69183424
332485676
70247686
499267118
68912062
254365758
813810477
64307941
797093636
574952207
233784738
10585270
96068569
976503682
62384766
159139307
283687836
76099931
885230946
926212634
390999216
970855160
791681170
6248615
366612708
554744930
109726678
17427583
680400116
118954116
429979370
17287289
980396064
225053712
968323563
761768738
61157297
622097798
202180918
765852231
923789602
293862418
395363270
431618335
407150571
728997219
43471593
556841100
96647543
46115966
448893272
93748959
4690898
851386232
338951767
727544648
822104100
145651860
582937834
109274987
938964545
749715329
249858802
89656082
55687088
886882129
440707123
645779677
294309254
186049266
649165133
594042418
582270741
243644878
128067565
738035258
365611916
26956426
99011194
766863838
628213912
430385972
97189169
192977299
98973815
502176569
54335470
429703317
44286284
716200424
61007339
354016782
954226019
818879961
65950869
496514214
545765354
382932189
11673757
469817655
7279381
567463330
221330992
939064249
949842195
501622805
337236
107800755
760195432
963054651
564275204
34299345
813739386
992795291
677757575
708473247
86022733
537271141
101286462
20208662
946406927
124431794
51571187
522545268
612149850
907806596
107460684
486188511
39032568
325607002
533318398
848750557
856766138
725144988
436774426
859607075
118861729
933944935
275290295
368622209
279650184
517142005
818599095
729635650
275706567
431835337
813343299
146428843
181537338
450271965
694671332
10730010
255295115
679892800
204209425
859211432
124546816
928325539
641740526
583719631
779738439
168996361
63344118
130451271
664841899
138628696
473876298
322077072
941366644
396859639
841982394
732434024
91515500
648460615
847526137
425295156
443844020
54711042
140253708
107691823
102608841
242422749
596635261
352277231
996125456
363674552
648073521
562388904
464387504
66888615
825184137
960738540
551074195
415344154
869389749
605680362
572626143
253289899
8026095
387896403
232400416
932124287
699038353
390885131
21407087
565544840
890831526
775802498
256814445
994941900
717483937
813842392
127932870
210744120
315947259
957996673
334822364
226941422
712316596
358178673
748872249
293199914
698201367
144533434
8825912
209600042
113716379
545481938
150182381
574864244
727267639
99911948
613251759
731885679
4974448
132474276
356449873
73983868
507865498
271490681
611707071
272045930
122696597
654528002
559407463
33094591
732085640
764079173
652311696
384362592
304885177
819645410
675598929
749047518
447660200
308998804
335739096
889005668
406142042
713346503
816399368
810459313
495309150
986560226
898285013
49534331
359129761
850413971
343988698
818935915
126034728
453513974
615915484
900850206
698347898
738013526
12994668
546278719
606776755
249336598
51506145
840314514
106167171
188214409
336342218
61330402
644516434
342858418
860509005
304046368
185131650
994607329
696120913
899901665
735815294
682171233
512705207
357253326
831970284
445622944
102804675
638805274
871529726
536548316
671687878
988492542
389863774
931508300
461106839
335653152
476483027
868751285
60985264
501692632
812012930
839174067
512716446
641720442
27277481
172413832
513189608
80159050
507791539
607891898
831755936
371035223
202902026
27382655
982796147
711657700
535817295
276800070
959154506
578748985
12934536
111508687
993646679
694350972
258039570
475703773
202804991
10345031
237585379
280270442
975254419
915561205
433505738
99522780
170300223
123177466
8979766
61428018
113141862
586335844
875260547
853424982
539518311
4438740
703598049
312776512
999121726
34025703
993451278
54866640
200294311
534069180
417177683
125813554
122443881
18848861
934628023
346968260
761640272
224058098
500133222
379985113
849482053
776766908
89571796
304536178
960056883
94755729
951423901
822096657
86775524
241276785
23370676
108114155
857264429
613323405
636631069
708519352
903336658
234379555
731962215
784217764
107833442
782274935
518047520
608373923
687010984
283071899
92195802
453616792
361106995
432061723
315903650
618986704
655250657
903108268
792215623
943477248
51894022
743721993
540255721
370856318
1389818
59111786
20710382
546204690
496786671
176728729
941177649
87279986
740352571
959114928
726441411
217262248
965294622
436594377
912075620
786471138
225127095
857559507
265406836
167888319
981110348
380464753
690387079
379819402
506799661
462408892
851409867
106678469
52342444
373181262
633682252
610474290
171428894
16753118
105199752
733056862
964907143
209086504
59838345
579422358
469045298
221388228
463102813
683326536
865293981
116986355
61304501
913931696
608291388
683006086
255709788
128134682
200243282
24160311
649913426
467318149
72319141
701328575
28064649
817810209
296712030
422853974
551329634
62397649
62882362
698264319
802003733
678565811
100164508
322978959
485139422
505642794
143171251
156056921
759736694
29155328
418226239
939138683
426691868
102848283
13824419
526468794
863129346
209832966
55036765
976718402
63482378
222522864
142655149
825023821
195658734
352384055
563074921
975971124
870753699
986117291
77934186
591581386
148309901
147934781
64844179
30631114
169209353
292201080
923016438
809724503
798623057
220188039
425108938
620665967
516555045
414547372
103297860
172369979
55241501
5457656
546501588
342296260
207314338
549684013
615408825
791755898
497566829
763526805
786922056
680716318
10046317
345687679
655151751
736415429
910264195
944832728
111874712
567073840
508136858
934589928
528259205
776547777
671261461
827871559
53329057
297826845
271636269
694155091
738961948
603686615
4127359
229390039
869890500
429309456
531742456
770132150
115567047
335774481
267537997
520984211
514326729
176948273
352717097
166037112
141939245
271384266
135772409
87110305
402167601
903418514
831254751
380748052
433679263
697687881
386568696
18327600
80870386
377990836
686149986
941648627
240624502
87789892
399119332
235486221
682198612
910743964
357682625
346020706
71679548
427318790
232440843
722356208
105719393
300243644
846061092
844443081
987751398
943830672
46669630
695090265
989940745
724097896
23562193
47365180
224708096
798847259
338063602
990267726
754218928
726979146
728841508
232708333
914627832
860133676
458014354
180929088
727279555
130733235
535727871
557773669
797374923
123265195
270353327
388955312
336155576
977486950
45054142
50581701
791521934
159114620
499348932
105368823
458767497
811619835
58863960
25704092
157813886
400803405
566174420
975895337
623388306
140528377
459441515
775948546
267386297
787192543
609760762
495938828
834187515
20846604
235725444
383576521
247591952
229490371
545499135
17651751
973959301
536342090
208565322
357700756
768877058
761769749
88836062
276048574
539814752
396574783
558084419
746720498
394637197
622240939
163144833
323098907
597879552
415146919
135375020
269534088
74436411
512131965
313202340
375702762
915936496
125584593
380795731
362657480
552649521
541536801
237433137
3521985
635316046
38356538
418763001
552694187
224590240
534106372
85813571
57568345
602822528
562685539
283676538
197272734
183809866
10382277
850362513
562780497
749610277
599983957
922557526
344629660
740342529
693304001
951903763
825586022
512508209
674173631
880398412
395999833
597891441
655936654
467995111
301561074
851285830
168125464
428519620
11349475
642554990
960421179
813346736
619930142
308806420
209789818
295335046
4936784
580981949
970858196
333436939
123820558
566974798
57389168
27298403
609294494
376437509
425869418
475286020
326244891
458892122
52169456
708725665
984232142
68987224
59847906
605609656
616555712
774818268
229064927
214229536
279635910
308286588
777651041
